{"speed": [15, 15, 15, 10, 30, 10, 10, 10, 10, 30, 10, 15, 30, 15, 30], "targets": [[0, 0, 0, 0], [3518, 4766, 16, 17], [3171, 6461, 16, 15], [7222, 372, 15, 24], [-4037, 3745, 18, 16], [-5729, -5252, 16, 19], [-6129, -3536, 15, 22], [3908, 7140, 15, 24], [-7497, 5863, 16, 21], [-2463, -4865, 17, 19], [-793, 207, 18, 25], [-2292, -1548, 16, 19], [-6415, 5080, 20, 23], [2762, -4491, 18, 22], [-4845, 879, 16, 21], [-5882, 1481, 18, 29], [-5326, -2451, 17, 16], [1047, -2526, 17, 29], [6739, 3017, 20, 18], [322, 4810, 15, 21], [-5882, -2922, 16, 25], [-2831, -2521, 16, 28], [-4852, -6631, 20, 27], [4626, 3803, 18, 17], [5234, -4168, 20, 26], [7325, -5524, 17, 25], [-6634, -1671, 20, 25], [-6652, 147, 18, 25], [2831, -6398, 16, 30], [7201, -5875, 18, 18], [-433, 5280, 18, 28], [-4394, 5348, 16, 22], [-185, 4316, 19, 26], [-646, 866, 16, 26], [-582, 1988, 16, 17], [-6437, -175, 20, 15], [-1511, -4332, 19, 24], [3391, 6393, 18, 28], [4341, 7291, 17, 24], [-3733, 3067, 15, 21], [4556, -7132, 20, 26], [3970, 6645, 16, 23], [-2273, 1551, 20, 16], [-207, -4277, 16, 24], [2196, -6807, 18, 27], [1097, -2482, 19, 26], [-4714, 2227, 15, 23], [1441, -1657, 18, 19], [6422, -3127, 18, 18], [6901, 2074, 18, 25], [6071, -1909, 15, 17], [7491, 2700, 15, 24], [-1812, -2815, 16, 28], [-4347, -1004, 18, 26], [4076, 207, 19, 29], [1550, -4747, 16, 21], [-2189, 2547, 19, 26], [816, -3396, 17, 17], [-2311, 6928, 18, 22], [-3026, -3217, 17, 27], [-1199, -5473, 20, 24], [-7208, 1672, 19, 15], [-3730, -2749, 17, 29], [3550, -4341, 18, 17], [-5346, -2336, 16, 16], [752, -1632, 17, 18], [4626, 2971, 19, 19], [597, 4751, 20, 21], [-237, 2321, 19, 24], [-791, -264, 19, 21], [-4272, 1594, 20, 23], [-549, -1320, 20, 30], [-5010, -3694, 20, 16], [4603, -2750, 15, 29], [-855, -691, 19, 15], [-934, -5067, 15, 17], [3896, 7137, 18, 27], [-1831, 3651, 20, 27], [-2599, -824, 19, 15], [-2886, -1947, 16, 29], [-4583, -2029, 16, 22], [-6490, -2649, 17, 22], [-1146, -5371, 19, 25], [3075, -4479, 19, 17], [6895, 6690, 18, 29], [2581, -675, 20, 18], [-6125, 139, 19, 17], [-7178, -603, 15, 21], [-5621, -2166, 18, 24], [-1778, -109, 19, 21], [6143, -5758, 17, 24]], "tasks": [[], [], [], [], [1, 2, 3, 4, 5, 6, 7, 8, 9, 10, 11, 12, 13, 14, 15, 16, 17, 18, 19, 20, 21, 22, 23, 24, 25, 26, 27, 28, 29, 30, 31, 32, 33, 34, 35, 36, 37, 38, 39, 40, 41, 42, 43, 44, 45, 46, 47, 48, 49, 50, 51, 52, 53, 54, 55, 56, 57, 58, 59, 60, 61, 62, 63, 64, 65, 66, 67, 68, 69, 70, 71, 72, 73, 74, 75, 76, 77, 78, 79, 80, 81, 82, 83, 84, 85, 86, 87, 88, 89, 90], [], [], [], [], [], [], [], [], [], []], "map": [[0.0, 5923.7724609375, 7197.205078125, 7231.57421875, 5506.5771484375, 7772.06201171875, 7075.8701171875, 8139.537109375, 9517.3408203125, 5452.94384765625, 819.5718383789062, 2765.78515625, 8182.8251953125, 5272.35498046875, 4924.09033203125, 6065.58203125, 5862.90673828125, 2734.389404296875, 7383.52294921875, 4820.76611328125, 6567.80078125, 3790.778564453125, 8216.572265625, 5988.54638671875, 6690.81298828125, 9174.431640625, 6841.212890625, 6653.6240234375, 6996.353515625, 9293.5478515625, 5297.72509765625, 6921.5849609375, 4319.962890625, 1080.4036865234375, 2071.441162109375, 6439.37841796875, 4587.95654296875, 7236.66552734375, 8485.4560546875, 4831.3330078125, 8463.01171875, 7740.6025390625, 2751.750244140625, 4282.00634765625, 7152.45849609375, 2713.619873046875, 5213.5712890625, 2195.934814453125, 7142.84326171875, 7205.91943359375, 6364.06494140625, 7962.73095703125, 3347.770751953125, 4461.4375, 4081.2529296875, 4993.64697265625, 3358.411865234375, 3492.65966796875, 7303.2802734375, 4416.533203125, 5602.79638671875, 7399.3818359375, 4633.5625, 5607.7431640625, 5834.09033203125, 1796.9217529296875, 5497.8828125, 4788.36181640625, 2333.06884765625, 833.8927001953125, 4559.6953125, 1429.61572265625, 6224.607421875, 5361.91259765625, 1099.3206787109375, 5152.36328125, 8131.14892578125, 4084.40478515625, 2726.495361328125, 3481.35107421875, 5012.05859375, 7009.80029296875, 5491.8994140625, 5432.9609375, 9607.1396484375, 2667.805419921875, 6126.5771484375, 7203.28369140625, 6023.8857421875, 1781.3380126953125, 8419.6796875], [5923.7724609375, 0.0, 1730.154296875, 5746.8994140625, 7623.67822265625, 13633.3173828125, 12727.443359375, 2405.8212890625, 11069.4912109375, 11337.0419921875, 6274.48828125, 8580.3671875, 9937.9619140625, 9287.8193359375, 9222.1767578125, 9957.470703125, 11414.96484375, 7699.29248046875, 3665.220703125, 3196.302978515625, 12143.53125, 9664.8935546875, 14140.3154296875, 1468.0030517578125, 9097.3076171875, 10971.6611328125, 12020.7353515625, 11169.783203125, 11185.1181640625, 11260.3447265625, 3984.293701171875, 7933.376953125, 3730.242431640625, 5705.1640625, 4952.5029296875, 11113.7529296875, 10395.4052734375, 1631.9490966796875, 2655.73974609375, 7447.38916015625, 11943.1923828125, 1932.6005859375, 6623.5869140625, 9780.1572265625, 11648.2626953125, 7641.6455078125, 8614.6591796875, 6750.470703125, 8410.271484375, 4323.373046875, 7146.56787109375, 4478.06689453125, 9267.1708984375, 9754.5439453125, 4593.021484375, 9714.4326171875, 6123.21875, 8597.619140625, 6217.03173828125, 10322.4140625, 11273.2958984375, 11163.3291015625, 10440.724609375, 9107.056640625, 11358.2080078125, 6970.3056640625, 2109.4287109375, 2921.03857421875, 4480.853515625, 6623.32080078125, 8411.044921875, 7319.828125, 12012.42578125, 7593.91064453125, 6992.9951171875, 10793.896484375, 2400.942626953125, 5463.97509765625, 8286.482421875, 9277.6923828125, 10573.4677734375, 12455.6123046875, 11158.4794921875, 9255.607421875, 3886.631591796875, 5521.09130859375, 10695.6337890625, 11967.8974609375, 11470.568359375, 7198.1416015625, 10846.4375], [7197.205078125, 1730.154296875, 0.0, 7313.4482421875, 7702.7216796875, 14710.6884765625, 13653.9375, 1002.102783203125, 10684.7470703125, 12649.91015625, 7404.4453125, 9694.763671875, 9684.9658203125, 10959.634765625, 9768.0595703125, 10332.337890625, 12313.51953125, 9234.583984375, 4959.0078125, 3292.810546875, 13038.30859375, 10802.79296875, 15354.771484375, 3030.1796875, 10827.3544921875, 12684.4765625, 12738.423828125, 11677.2392578125, 12863.494140625, 12977.587890625, 3792.568603515625, 7646.4365234375, 3982.933837890625, 6772.9990234375, 5838.89892578125, 11676.9072265625, 11764.7763671875, 230.2694091796875, 1434.50341796875, 7693.14306640625, 13663.376953125, 819.9127807617188, 7331.1142578125, 11256.798828125, 13303.775390625, 9180.3447265625, 8949.859375, 8300.291015625, 10124.166015625, 5758.3564453125, 8858.154296875, 5727.78515625, 10529.6943359375, 10594.6474609375, 6319.140625, 11324.615234375, 6636.94189453125, 10134.419921875, 5501.85546875, 11492.0185546875, 12708.9443359375, 11430.580078125, 11508.6015625, 10808.646484375, 12244.447265625, 8446.787109375, 3781.15380859375, 3090.23876953125, 5362.28173828125, 7805.3232421875, 8893.02734375, 8624.5205078125, 13040.4287109375, 9321.6494140625, 8207.30078125, 12237.0673828125, 991.2623291015625, 5737.255859375, 9293.23046875, 10362.5146484375, 11498.0263671875, 13278.818359375, 12594.9482421875, 10940.4208984375, 3731.034423828125, 7160.3486328125, 11242.033203125, 12530.0400390625, 12317.6455078125, 8225.41796875, 12575.2431640625], [7231.57421875, 5746.8994140625, 7313.4482421875, 0.0, 11753.3916015625, 14119.4111328125, 13911.2060546875, 7535.80908203125, 15709.87109375, 11010.240234375, 8016.6982421875, 9705.8017578125, 14426.81640625, 6598.5126953125, 12077.646484375, 13150.84375, 12861.6337890625, 6821.21923828125, 2688.73828125, 8204.013671875, 13511.6708984375, 10460.9873046875, 13957.91796875, 4302.4384765625, 4956.1826171875, 5896.8994140625, 14005.8056640625, 13875.82421875, 8069.31103515625, 6247.03515625, 9093.2666015625, 12636.931640625, 8391.58984375, 7883.49267578125, 7969.55908203125, 13669.9482421875, 9919.3193359375, 7136.4560546875, 7494.84619140625, 11281.6240234375, 7963.51513671875, 7065.83544921875, 9567.9189453125, 8763.74609375, 8763.4873046875, 6757.2880859375, 12079.28515625, 6126.728515625, 3589.289794921875, 1732.006103515625, 2554.948486328125, 2343.489990234375, 9579.6728515625, 11650.5419921875, 3150.323974609375, 7640.40234375, 9659.0654296875, 7432.00244140625, 11569.7548828125, 10858.2880859375, 10250.720703125, 14488.4404296875, 11388.017578125, 5974.60888671875, 12856.43359375, 6773.25, 3673.42041015625, 7941.42724609375, 7709.42822265625, 8038.2001953125, 11558.7763671875, 7953.06884765625, 12890.0810546875, 4075.051513671875, 8146.6494140625, 9803.216796875, 7538.40185546875, 9628.533203125, 9893.556640625, 10370.603515625, 12046.693359375, 14040.8466796875, 10149.1611328125, 6381.9912109375, 6326.45654296875, 4757.634765625, 13349.033203125, 14432.9697265625, 13091.375, 9012.84375, 6224.23828125], [5506.5771484375, 7623.67822265625, 7702.7216796875, 11753.3916015625, 0.0, 9154.71875, 7575.5810546875, 8639.9677734375, 4056.787353515625, 8752.689453125, 4800.10205078125, 5573.228515625, 2727.1064453125, 10679.798828125, 2977.720703125, 2920.568603515625, 6328.66015625, 8072.9482421875, 10800.5625, 4487.2158203125, 6917.580078125, 6381.00244140625, 10407.958984375, 8663.1943359375, 12188.806640625, 14663.19921875, 6006.4521484375, 4447.90185546875, 12249.484375, 14793.1416015625, 3917.274658203125, 1642.272216796875, 3894.091064453125, 4448.31689453125, 3876.090087890625, 4596.34619140625, 8462.77734375, 7885.87890625, 9097.52734375, 743.0343017578125, 13861.7744140625, 8515.98828125, 2815.196533203125, 8889.3974609375, 12255.40625, 8070.53173828125, 1662.123046875, 7693.50927734375, 12514.59375, 11064.9033203125, 11581.85546875, 11575.267578125, 6927.064453125, 4759.10693359375, 8850.8876953125, 10165.0693359375, 2202.341552734375, 8633.97265625, 3620.851318359375, 7035.02392578125, 9644.986328125, 3788.478515625, 6501.25244140625, 11088.1005859375, 6220.29296875, 7200.4619140625, 8697.5078125, 4741.939453125, 4058.05078125, 5158.35205078125, 2163.799072265625, 6149.82666015625, 7502.36279296875, 10809.0068359375, 5459.232421875, 9342.3740234375, 8627.7548828125, 2208.001708984375, 4789.9482421875, 5807.2080078125, 5799.7578125, 6848.39013671875, 9563.4375, 10872.6591796875, 11321.7333984375, 7958.28662109375, 4166.89111328125, 5363.859375, 6119.55712890625, 4467.25830078125, 13926.212890625], [7772.06201171875, 13633.3173828125, 14710.6884765625, 14119.4111328125, 9154.71875, 0.0, 1762.00341796875, 15698.1982421875, 11254.734375, 3288.8486328125, 7359.67236328125, 5052.97802734375, 10354.7490234375, 8525.0341796875, 6194.40185546875, 6734.73828125, 2829.8427734375, 7303.783203125, 14960.861328125, 11741.3134765625, 2335.01806640625, 3982.055419921875, 1634.2490234375, 13755.69140625, 11016.4619140625, 13056.8330078125, 3693.587158203125, 5477.32861328125, 8636.3720703125, 12945.0, 11788.5810546875, 10683.736328125, 11058.14453125, 7954.0439453125, 8883.0859375, 5126.12841796875, 4317.166015625, 14791.2275390625, 16085.140625, 8555.1025390625, 10455.4111328125, 15349.5673828125, 7630.51416015625, 5607.41552734375, 8076.1162109375, 7366.6259765625, 7547.56005859375, 8020.78076171875, 12335.4130859375, 14600.9306640625, 12264.40625, 15427.3359375, 4613.2265625, 4467.14990234375, 11222.2412109375, 7296.4970703125, 8564.8115234375, 6803.06982421875, 12650.4990234375, 3383.40576171875, 4535.3876953125, 7080.19873046875, 3203.28125, 9323.61328125, 2941.044921875, 7423.4599609375, 13222.849609375, 11835.466796875, 9354.8056640625, 7018.8310546875, 6999.326171875, 6503.30859375, 1715.903564453125, 10630.626953125, 6675.22265625, 4798.5673828125, 15688.4658203125, 9718.94140625, 5422.55322265625, 4359.5498046875, 3420.678955078125, 2711.96044921875, 4584.544921875, 8837.8701171875, 17377.478515625, 9487.09765625, 5405.52490234375, 4869.5791015625, 3087.88916015625, 6485.43359375, 11882.7783203125], [7075.8701171875, 12727.443359375, 13653.9375, 13911.2060546875, 7575.5810546875, 1762.00341796875, 0.0, 14653.2705078125, 9498.0322265625, 3899.461181640625, 6517.89404296875, 4321.4248046875, 8620.7451171875, 8942.142578125, 4597.92138671875, 5023.07666015625, 1349.827392578125, 7246.728515625, 14440.4716796875, 10548.5126953125, 661.8194580078125, 3450.65625, 3348.09716796875, 13020.4052734375, 11380.5625, 13600.0830078125, 1932.1619873046875, 3719.94873046875, 9405.990234375, 13533.6552734375, 10496.01171875, 9051.8330078125, 9848.0986328125, 7031.421875, 7828.39599609375, 3375.0830078125, 4686.1005859375, 13755.560546875, 15061.369140625, 7024.27392578125, 11273.8828125, 14340.2431640625, 6383.283203125, 5968.17919921875, 8944.5546875, 7302.46484375, 5934.171875, 7799.71435546875, 12557.662109375, 14186.3662109375, 12308.0107421875, 14979.72265625, 4376.79443359375, 3096.215087890625, 10869.7783203125, 7773.90283203125, 7247.51611328125, 6946.4111328125, 11138.7802734375, 3119.35400390625, 5296.87353515625, 5318.60009765625, 2524.791015625, 9712.41796875, 1432.8604736328125, 7139.56396484375, 12570.2451171875, 10673.0244140625, 8307.833984375, 6261.0087890625, 5455.7626953125, 6003.919921875, 1130.099609375, 10760.744140625, 5992.42041015625, 5415.9013671875, 14642.8671875, 8374.11328125, 4451.4990234375, 3611.36669921875, 2158.97314453125, 957.6481323242188, 5310.13330078125, 9252.181640625, 16558.853515625, 9167.8466796875, 3675.002197265625, 3114.9462890625, 1461.151611328125, 5538.54931640625, 12471.5380859375], [8139.537109375, 2405.8212890625, 1002.102783203125, 7535.80908203125, 8639.9677734375, 15698.1982421875, 14653.2705078125, 0.0, 11476.26953125, 13590.79296875, 8376.5078125, 10673.39453125, 10526.5341796875, 11687.3212890625, 10761.744140625, 11307.890625, 13313.6787109375, 10080.51953125, 5001.36865234375, 4276.48193359375, 14038.8017578125, 11779.1787109375, 16321.091796875, 3413.36962890625, 11385.4794921875, 13116.8896484375, 13739.267578125, 12665.5302734375, 13580.7724609375, 13425.12890625, 4722.69873046875, 8493.201171875, 4972.68798828125, 7752.54736328125, 6833.97412109375, 12669.974609375, 12687.4873046875, 908.4591064453125, 458.5738830566406, 8658.7646484375, 14286.703125, 498.8677062988281, 8333.16796875, 12135.943359375, 14051.681640625, 10024.201171875, 9923.5302734375, 9136.3720703125, 10570.3115234375, 5884.08056640625, 9303.921875, 5705.39111328125, 11481.3076171875, 11596.109375, 6935.03515625, 12118.619140625, 7633.4169921875, 10980.3349609375, 6222.6123046875, 12463.8603515625, 13607.689453125, 12388.078125, 12495.25390625, 11486.580078125, 13245.0400390625, 9322.462890625, 4230.37646484375, 4082.896240234375, 6356.3974609375, 8769.25390625, 9882.83984375, 9562.2412109375, 14032.330078125, 9914.3896484375, 9165.736328125, 13132.2431640625, 12.369317054748535, 6716.34130859375, 10284.2763671875, 11346.0126953125, 12496.705078125, 14280.8583984375, 13493.2587890625, 11648.822265625, 3020.706787109375, 7926.86279296875, 12234.1767578125, 13522.3310546875, 13319.2900390625, 9212.9580078125, 13090.2109375], [9517.3408203125, 11069.4912109375, 10684.7470703125, 15709.87109375, 4056.787353515625, 11254.734375, 9498.0322265625, 11476.26953125, 0.0, 11850.3642578125, 8771.2001953125, 9056.2099609375, 1335.5946044921875, 14575.7470703125, 5645.6494140625, 4670.1337890625, 8592.7783203125, 11973.9404296875, 14517.693359375, 7889.5859375, 8932.2138671875, 9594.947265625, 12770.9072265625, 12296.77734375, 16208.001953125, 18691.052734375, 7583.26611328125, 5778.12109375, 16031.2099609375, 18809.88671875, 7088.01708984375, 3145.446533203125, 7473.85791015625, 8479.7529296875, 7926.71728515625, 6130.337890625, 11822.4453125, 10900.8916015625, 11923.8173828125, 4688.849609375, 17724.130859375, 11493.6337890625, 6773.7373046875, 12488.54296875, 15952.5283203125, 11978.9755859375, 4578.8193359375, 11680.6787109375, 16569.8125, 14888.2138671875, 15636.3232421875, 15318.1171875, 10374.3388671875, 7555.0107421875, 12881.1748046875, 13943.46875, 6258.65185546875, 12443.2734375, 5294.22509765625, 10121.0791015625, 12968.0263671875, 4200.95263671875, 9399.8310546875, 15038.544921875, 8476.4619140625, 11145.4482421875, 12463.177734375, 8170.029296875, 8077.95556640625, 9083.5322265625, 5350.232421875, 9993.5078125, 9875.29296875, 14852.3994140625, 9331.1884765625, 12749.0341796875, 11464.009765625, 6082.474609375, 8288.9306640625, 9069.587890625, 8412.791015625, 8571.3583984375, 12904.958984375, 14789.3251953125, 14415.7412109375, 12012.9736328125, 5886.1328125, 6473.8642578125, 8245.25390625, 8268.720703125, 17919.185546875], [5452.94384765625, 11337.0419921875, 12649.91015625, 11010.240234375, 8752.689453125, 3288.8486328125, 3899.461181640625, 13590.79296875, 11850.3642578125, 0.0, 5339.85791015625, 3321.40478515625, 10701.4638671875, 5238.3681640625, 6218.31640625, 7208.4169921875, 3744.88525390625, 4217.9404296875, 12116.2177734375, 10067.8623046875, 3932.5322265625, 2372.71142578125, 2970.871337890625, 11197.6845703125, 7728.494140625, 9810.1591796875, 5253.46337890625, 6532.064453125, 5511.490234375, 9716.634765625, 10346.1064453125, 10393.947265625, 9459.3896484375, 6012.14208984375, 7106.4599609375, 6147.2578125, 1091.05126953125, 12689.0458984375, 13930.640625, 8033.02685546875, 7376.0185546875, 13185.734375, 6418.8125, 2331.36865234375, 5047.53857421875, 4283.95703125, 7440.6630859375, 5052.96728515625, 9053.3896484375, 11654.7939453125, 9031.4501953125, 12502.453125, 2150.8837890625, 4296.13525390625, 8275.48828125, 4014.734375, 7417.06298828125, 3593.021240234375, 11793.9794921875, 1741.5145263671875, 1402.6260986328125, 8077.5859375, 2466.322265625, 6035.78857421875, 3835.039794921875, 4559.4423828125, 10566.779296875, 10091.1376953125, 7522.87646484375, 4895.38427734375, 6707.544921875, 4028.69970703125, 2803.292724609375, 7375.74267578125, 4473.0234375, 1542.28564453125, 13582.521484375, 8539.4189453125, 4043.287841796875, 2948.500244140625, 3540.804443359375, 4596.45361328125, 1410.859619140625, 5551.43603515625, 14869.1015625, 6557.28857421875, 6200.8271484375, 6355.7744140625, 4154.22265625, 4805.07666015625, 8652.20703125], [819.5718383789062, 6274.48828125, 7404.4453125, 8016.6982421875, 4800.10205078125, 7359.67236328125, 6517.89404296875, 8376.5078125, 8771.2001953125, 5339.85791015625, 0.0, 2308.03515625, 7439.96044921875, 5891.4541015625, 4107.345703125, 5246.0458984375, 5254.8125, 3294.67578125, 8039.099609375, 4736.1201171875, 5973.990234375, 3405.2060546875, 7951.96337890625, 6503.59716796875, 7447.50634765625, 9937.1162109375, 6135.48388671875, 5859.30712890625, 7533.88330078125, 10044.638671875, 5085.75732421875, 6276.70947265625, 4153.73876953125, 675.1962890625, 1793.455322265625, 5656.91259765625, 4595.4375, 7468.095703125, 8748.7724609375, 4101.609375, 9081.44921875, 8008.37158203125, 1999.183837890625, 4522.12890625, 7624.32421875, 3286.764404296875, 4410.74169921875, 2909.510498046875, 7948.06787109375, 7917.2802734375, 7182.75390625, 8650.994140625, 3189.17626953125, 3754.6552734375, 4869.0, 5480.12451171875, 2724.778076171875, 3945.946044921875, 6890.294921875, 4087.794677734375, 5694.49169921875, 6580.15576171875, 4167.001953125, 6288.55712890625, 5215.04150390625, 2401.863037109375, 6083.19482421875, 4751.845703125, 2185.893798828125, 471.0042419433594, 3745.291748046875, 1546.37158203125, 5744.64013671875, 6153.10205078125, 900.1377563476562, 5275.88427734375, 8367.294921875, 3597.023681640625, 2079.566650390625, 3003.392333984375, 4400.43115234375, 6372.79736328125, 5589.15869140625, 6076.1845703125, 10056.5712890625, 3487.377197265625, 5332.43359375, 6436.17333984375, 5379.6572265625, 1034.4471435546875, 9148.1865234375], [2765.78515625, 8580.3671875, 9694.763671875, 9705.8017578125, 5573.228515625, 5052.97802734375, 4321.4248046875, 10673.39453125, 9056.2099609375, 3321.40478515625, 2308.03515625, 0.0, 7805.73583984375, 5848.4326171875, 3522.518798828125, 4697.12060546875, 3165.527587890625, 3479.2822265625, 10119.19921875, 6874.38427734375, 3843.953125, 1112.3173828125, 5691.26416015625, 8745.9658203125, 7969.00732421875, 10406.5009765625, 4343.74169921875, 4677.88671875, 7054.61767578125, 10432.6396484375, 7076.54345703125, 7209.24560546875, 6231.046875, 2921.76513671875, 3927.7724609375, 4366.48095703125, 2891.47314453125, 9765.0380859375, 11051.0, 4834.7392578125, 8836.0712890625, 10312.0263671875, 3099.058349609375, 3434.33642578125, 6913.6982421875, 3515.348876953125, 4485.16552734375, 3734.591064453125, 8855.904296875, 9880.7958984375, 8370.7880859375, 10665.486328125, 1354.8759765625, 2125.784912109375, 6605.41064453125, 4999.45654296875, 4096.294921875, 3615.90478515625, 8476.021484375, 1823.27099609375, 4074.34326171875, 5876.6875, 1873.5648193359375, 6475.3232421875, 3154.02294921875, 3045.15869140625, 8263.1767578125, 6929.9150390625, 4380.888671875, 1975.26123046875, 3713.834228515625, 1757.8489990234375, 3463.068115234375, 6998.98779296875, 1673.1461181640625, 3771.939208984375, 10663.984375, 5219.3984375, 786.4000244140625, 715.567626953125, 2340.948974609375, 4339.9775390625, 3991.070556640625, 6115.18212890625, 12339.595703125, 4950.58154296875, 4187.82275390625, 4976.546875, 3385.877197265625, 1528.0435791015625, 9427.2646484375], [8182.8251953125, 9937.9619140625, 9684.9658203125, 14426.81640625, 2727.1064453125, 10354.7490234375, 8620.7451171875, 10526.5341796875, 1335.5946044921875, 10701.4638671875, 7439.96044921875, 7805.73583984375, 0.0, 13259.7646484375, 4484.78564453125, 3638.253662109375, 7609.32861328125, 10655.171875, 13314.7919921875, 6742.408203125, 8019.7314453125, 8403.5859375, 11814.841796875, 11114.603515625, 14873.6240234375, 17356.048828125, 6754.55126953125, 4938.68994140625, 14738.826171875, 17475.912109375, 5985.34228515625, 2038.6920166015625, 6276.6708984375, 7144.16943359375, 6601.8447265625, 5255.0458984375, 10612.9619140625, 9893.513671875, 10980.8955078125, 3353.400146484375, 16416.326171875, 10502.259765625, 5441.5078125, 11229.1015625, 14678.2177734375, 10658.986328125, 3321.597412109375, 10349.1015625, 15236.2529296875, 13651.076171875, 14308.958984375, 14108.197265625, 9138.8525390625, 6425.8603515625, 11567.5068359375, 12649.5517578125, 4926.9833984375, 11141.361328125, 4500.8798828125, 8962.451171875, 11771.6806640625, 3499.044677734375, 8276.6220703125, 13713.3681640625, 7492.65087890625, 9819.20703125, 11240.62109375, 7019.7138671875, 6766.07470703125, 7758.07421875, 4092.022216796875, 8681.5869140625, 8885.78125, 13516.849609375, 8013.6162109375, 11532.69140625, 10514.1796875, 4801.572265625, 7029.8701171875, 7863.36865234375, 7341.26025390625, 7729.36376953125, 11704.091796875, 13469.765625, 13407.0205078125, 10679.328125, 4949.5029296875, 5733.9912109375, 7289.37255859375, 6958.986328125, 16588.1171875], [5272.35498046875, 9287.8193359375, 10959.634765625, 6598.5126953125, 10679.798828125, 8525.0341796875, 8942.142578125, 11687.3212890625, 14575.7470703125, 5238.3681640625, 5891.4541015625, 5848.4326171875, 13259.7646484375, 0.0, 9311.462890625, 10506.3564453125, 8341.3037109375, 2608.150634765625, 8496.26953125, 9615.7265625, 8785.2431640625, 5929.8017578125, 7909.02001953125, 8500.8779296875, 2493.012939453125, 4678.46728515625, 9810.056640625, 10494.49609375, 1908.2479248046875, 4649.75, 10280.1005859375, 12166.111328125, 9286.9833984375, 6349.16650390625, 7291.0751953125, 10161.173828125, 4275.95703125, 10902.16015625, 11887.3359375, 9965.359375, 3192.697509765625, 11201.328125, 7864.92138671875, 2976.702392578125, 2384.158447265625, 2609.273193359375, 10050.974609375, 3126.755126953125, 3905.9052734375, 7760.833984375, 4197.16650390625, 8606.62109375, 4871.39111328125, 7918.14697265625, 4878.298828125, 1238.7413330078125, 8604.9892578125, 2232.922119140625, 12495.154296875, 5926.55224609375, 4080.912353515625, 11721.0693359375, 6721.65380859375, 802.1495971679688, 8389.4990234375, 3494.8505859375, 7691.2900390625, 9492.1962890625, 7442.939453125, 5521.89599609375, 9300.7734375, 4584.53515625, 7812.75830078125, 2533.84326171875, 5246.20703125, 3740.61376953125, 11683.1650390625, 9348.14453125, 6495.16796875, 6194.5009765625, 7746.642578125, 9433.58203125, 4005.853759765625, 313.2299499511719, 11920.421875, 3820.290283203125, 10020.76171875, 10673.337890625, 8699.443359375, 6309.7958984375, 3610.6025390625], [4924.09033203125, 9222.1767578125, 9768.0595703125, 12077.646484375, 2977.720703125, 6194.40185546875, 4597.92138671875, 10761.744140625, 5645.6494140625, 6218.31640625, 4107.345703125, 3522.518798828125, 4484.78564453125, 9311.462890625, 0.0, 1199.07177734375, 3364.5595703125, 6805.1220703125, 11779.6474609375, 6492.35302734375, 3939.920166015625, 3951.7333984375, 7510.00341796875, 9912.0947265625, 11272.0205078125, 13751.62890625, 3114.96728515625, 1949.634033203125, 10577.130859375, 13810.236328125, 6231.73681640625, 4491.69921875, 5790.3857421875, 4199.02001953125, 4404.88916015625, 1909.287841796875, 6186.28125, 9911.40234375, 11202.5146484375, 2454.361083984375, 12351.3125, 10533.3271484375, 2658.33935546875, 6935.08349609375, 10423.5439453125, 6826.68896484375, 1354.350341796875, 6778.28076171875, 11957.9814453125, 11806.630859375, 11266.41015625, 12469.6806640625, 4779.61572265625, 1947.740478515625, 8946.2744140625, 8517.505859375, 3136.3291015625, 7093.83837890625, 6558.31982421875, 4481.73828125, 7324.0166015625, 2492.512451171875, 3795.47216796875, 9885.56640625, 3253.8017578125, 6134.4541015625, 9699.2939453125, 6678.9033203125, 4828.3564453125, 4212.0498046875, 916.2717895507812, 4826.09765625, 4575.9755859375, 10120.9853515625, 4287.7734375, 7116.93994140625, 10750.2392578125, 4094.896728515625, 2818.638916015625, 3438.59814453125, 2919.77880859375, 3892.660888671875, 7262.58203125, 9562.142578125, 13099.439453125, 7586.8564453125, 1478.5128173828125, 2763.91259765625, 3142.32421875, 3222.209228515625, 12836.896484375], [6065.58203125, 9957.470703125, 10332.337890625, 13150.84375, 2920.568603515625, 6734.73828125, 5023.07666015625, 11307.890625, 4670.1337890625, 7208.4169921875, 5246.0458984375, 4697.12060546875, 3638.253662109375, 10506.3564453125, 1199.07177734375, 0.0, 3971.11572265625, 8004.19189453125, 12714.123046875, 7040.728515625, 4403.0, 5032.35595703125, 8177.12939453125, 10761.494140625, 12469.0283203125, 14949.7451171875, 3240.464111328125, 1540.2779541015625, 11747.1279296875, 15009.1845703125, 6642.58984375, 4143.408203125, 6363.41357421875, 5271.994140625, 5324.19482421875, 1746.5283203125, 7273.00537109375, 10493.6298828125, 11758.6494140625, 2670.87939453125, 13532.7607421875, 11123.3447265625, 3609.6787109375, 8084.56494140625, 11573.4619140625, 8025.69677734375, 1385.9075927734375, 7967.01806640625, 13138.572265625, 12796.7470703125, 12424.423828125, 13428.443359375, 5917.8134765625, 2920.864501953125, 10039.1650390625, 9696.525390625, 3843.77490234375, 8285.4287109375, 6513.2060546875, 5497.994140625, 8383.830078125, 1339.6854248046875, 4745.9462890625, 11084.146484375, 3854.449951171875, 7328.07763671875, 10613.11328125, 7257.43359375, 5707.15576171875, 5381.7568359375, 1613.960693359375, 6023.82666015625, 5247.95263671875, 11306.484375, 5476.15869140625, 8207.2529296875, 11296.0, 4595.595703125, 4011.373046875, 4552.71337890625, 3742.65966796875, 4174.513671875, 8329.44140625, 10758.69140625, 13798.021484375, 8733.310546875, 1363.8228759765625, 2454.11328125, 3656.327392578125, 4401.240234375, 14035.802734375], [5862.90673828125, 11414.96484375, 12313.51953125, 12861.6337890625, 6328.66015625, 2829.8427734375, 1349.827392578125, 13313.6787109375, 8592.7783203125, 3744.88525390625, 5254.8125, 3165.527587890625, 7609.32861328125, 8341.3037109375, 3364.5595703125, 3971.11572265625, 0.0, 6373.44140625, 13246.25390625, 9199.0234375, 728.6817016601562, 2495.981689453125, 4206.7890625, 11753.927734375, 10698.6767578125, 13018.8759765625, 1522.9129638671875, 2916.8271484375, 9061.7578125, 12986.5126953125, 9149.306640625, 7854.49072265625, 8498.3623046875, 5736.2783203125, 6496.94189453125, 2532.685791015625, 4253.5146484375, 12417.8271484375, 13724.337890625, 5743.341796875, 10934.609375, 13005.876953125, 5033.56884765625, 5434.927734375, 8692.2509765625, 6423.07470703125, 4717.86279296875, 6813.42236328125, 11767.4326171875, 13037.4521484375, 11409.880859375, 13813.3369140625, 3532.80224609375, 1747.0689697265625, 9770.4951171875, 7249.20654296875, 5900.9130859375, 6214.27294921875, 9851.693359375, 2424.2021484375, 5115.1357421875, 4532.2236328125, 1623.58251953125, 9074.9921875, 116.7261734008789, 6132.93115234375, 11333.154296875, 9324.7373046875, 6976.3818359375, 5034.79833984375, 4180.06494140625, 4909.06201171875, 1282.5384521484375, 9933.5009765625, 4804.939453125, 5112.05615234375, 13303.1962890625, 7032.02880859375, 3175.4775390625, 2491.5087890625, 854.4782104492188, 1180.7200927734375, 5098.90185546875, 8642.3134765625, 15261.4130859375, 8104.00048828125, 2710.44287109375, 2616.296630859375, 410.1828918457031, 4251.2666015625, 11936.255859375], [2734.389404296875, 7699.29248046875, 9234.583984375, 6821.21923828125, 8072.9482421875, 7303.783203125, 7246.728515625, 10080.51953125, 11973.9404296875, 4217.9404296875, 3294.67578125, 3479.2822265625, 10655.171875, 2608.150634765625, 6805.1220703125, 8004.19189453125, 6373.44140625, 0.0, 7945.04345703125, 7371.73779296875, 6940.306640625, 3878.003173828125, 7186.73974609375, 7270.865234375, 4497.45849609375, 6957.103515625, 7728.43994140625, 8149.81787109375, 4263.21923828125, 7006.24853515625, 7945.0634765625, 9571.0166015625, 6952.03466796875, 3791.030517578125, 4798.94140625, 7844.58154296875, 3131.293701171875, 9221.8701171875, 10354.8984375, 7357.3125, 5790.3642578125, 9625.5478515625, 5257.78759765625, 2153.7216796875, 4432.51171875, 66.60330200195312, 7468.60986328125, 954.1472778320312, 5408.49560546875, 7445.0869140625, 5061.7451171875, 8296.7587890625, 2873.569580078125, 5604.61572265625, 4079.721923828125, 2277.24609375, 6017.2275390625, 900.1449584960938, 10032.6611328125, 4131.19970703125, 3705.310302734375, 9261.1142578125, 4782.2021484375, 3091.801025390625, 6395.82275390625, 941.4143676757812, 6559.43994140625, 7290.900390625, 5014.1865234375, 2914.59912109375, 6728.01318359375, 2000.4129638671875, 6168.58740234375, 3563.048095703125, 2642.8828125, 3221.96240234375, 10074.2431640625, 6814.55908203125, 4023.69482421875, 3975.390625, 5651.89404296875, 7538.00341796875, 3592.11279296875, 2815.49169921875, 10914.8408203125, 2404.029296875, 7651.13134765625, 8446.8076171875, 6677.7109375, 3717.8642578125, 6034.48779296875], [7383.52294921875, 3665.220703125, 4959.0078125, 2688.73828125, 10800.5625, 14960.861328125, 14440.4716796875, 5001.36865234375, 14517.693359375, 12116.2177734375, 8039.099609375, 10119.19921875, 13314.7919921875, 8496.26953125, 11779.6474609375, 12714.123046875, 13246.25390625, 7945.04345703125, 0.0, 6662.78759765625, 13948.525390625, 11056.8681640625, 15080.9541015625, 2254.45458984375, 7340.9296875, 8561.0791015625, 14170.90234375, 13695.1005859375, 10193.85546875, 8903.994140625, 7520.55517578125, 11374.412109375, 7044.7978515625, 7691.88037109375, 7392.96142578125, 13557.1328125, 11048.54296875, 4754.62744140625, 4900.76318359375, 10472.119140625, 10381.1220703125, 4563.96142578125, 9130.4599609375, 10072.20703125, 10823.5771484375, 7878.525390625, 11480.2138671875, 7065.060546875, 6152.17236328125, 956.81396484375, 4971.08642578125, 816.0839233398438, 10350.4501953125, 11792.703125, 3871.39111328125, 9338.3837890625, 8940.3623046875, 8729.748046875, 9858.92578125, 11585.248046875, 11622.90625, 14011.703125, 11951.849609375, 8019.34423828125, 13217.482421875, 7580.06396484375, 2113.500732421875, 6382.078125, 7010.63427734375, 8213.7607421875, 11102.5693359375, 8480.83203125, 13530.5771484375, 6149.8603515625, 8450.9228515625, 11145.6708984375, 5005.70166015625, 8593.4189453125, 10097.1044921875, 10829.677734375, 12395.5556640625, 14391.31640625, 11512.244140625, 8343.5546875, 3676.311279296875, 5560.56005859375, 13182.009765625, 14380.1005859375, 13402.7265625, 9072.5498046875, 8795.216796875], [4820.76611328125, 3196.302978515625, 3292.810546875, 8204.013671875, 4487.2158203125, 11741.3134765625, 10548.5126953125, 4276.48193359375, 7889.5859375, 10067.8623046875, 4736.1201171875, 6874.38427734375, 6742.408203125, 9615.7265625, 6492.35302734375, 7040.728515625, 9199.0234375, 7371.73779296875, 6662.78759765625, 0.0, 9913.2958984375, 7980.2861328125, 12556.5419921875, 4420.2333984375, 10233.876953125, 12483.3310546875, 9507.328125, 8389.2939453125, 11485.3974609375, 12707.8662109375, 889.3396606445312, 4746.58837890625, 707.8735961914062, 4061.053955078125, 2963.25830078125, 8398.470703125, 9323.9501953125, 3453.208740234375, 4723.10498046875, 4413.73681640625, 12670.3642578125, 4083.519287109375, 4165.94580078125, 9102.384765625, 11767.181640625, 7333.068359375, 5659.78662109375, 6563.09765625, 10010.29296875, 7125.232421875, 8842.84765625, 7473.0625, 7917.9912109375, 7456.685546875, 5939.70751953125, 9635.5712890625, 3380.279541015625, 8220.85546875, 3379.143798828125, 8697.2314453125, 10394.8798828125, 8157.6923828125, 8576.548828125, 9703.6484375, 9120.939453125, 6456.3349609375, 4680.42041015625, 281.25787353515625, 2551.000244140625, 5194.63623046875, 5607.80615234375, 6191.5703125, 10037.341796875, 8687.955078125, 5625.50732421875, 9956.5390625, 4264.78662109375, 2445.135986328125, 6346.1953125, 7479.8603515625, 8416.1123046875, 10101.486328125, 10286.291015625, 9688.37109375, 6836.57275390625, 5931.97314453125, 7961.28466796875, 9249.35546875, 9164.2685546875, 5348.51025390625, 12065.1015625], [6567.80078125, 12143.53125, 13038.30859375, 13511.6708984375, 6917.580078125, 2335.01806640625, 661.8194580078125, 14038.8017578125, 8932.2138671875, 3932.5322265625, 5973.990234375, 3843.953125, 8019.7314453125, 8785.2431640625, 3939.920166015625, 4403.0, 728.6817016601562, 6940.306640625, 13948.525390625, 9913.2958984375, 0.0, 3077.2392578125, 3849.361083984375, 12475.7236328125, 11185.6142578125, 13460.87890625, 1459.625, 3164.120849609375, 9380.775390625, 13412.125, 9847.05078125, 8402.7998046875, 9211.1044921875, 6462.556640625, 7224.8251953125, 2802.5048828125, 4592.79248046875, 13143.734375, 14450.435546875, 6362.88623046875, 11255.041015625, 13732.78515625, 5747.400390625, 5834.5224609375, 8963.666015625, 6992.8564453125, 5279.81298828125, 7431.45703125, 12305.7080078125, 13724.6171875, 11995.8486328125, 14506.6884765625, 4071.40625, 2456.61328125, 10438.02734375, 7652.79345703125, 6599.10693359375, 6714.7509765625, 10477.3349609375, 2871.195068359375, 5332.73779296875, 4781.53857421875, 2158.942626953125, 9538.1435546875, 794.1611938476562, 6758.25830078125, 12047.634765625, 10042.5283203125, 7704.224609375, 5743.10400390625, 4794.40869140625, 5568.41943359375, 1164.632080078125, 10486.4111328125, 5499.826171875, 5392.93310546875, 14028.2841796875, 7721.0703125, 3896.112548828125, 3150.6572265625, 1576.3406982421875, 666.47802734375, 5331.7255859375, 9091.3203125, 15988.8173828125, 8756.2197265625, 3070.630126953125, 2656.572509765625, 799.7855834960938, 4975.5185546875, 12354.8984375], [3790.778564453125, 9664.8935546875, 10802.79296875, 10460.9873046875, 6381.00244140625, 3982.055419921875, 3450.65625, 11779.1787109375, 9594.947265625, 2372.71142578125, 3405.2060546875, 1112.3173828125, 8403.5859375, 5929.8017578125, 3951.7333984375, 5032.35595703125, 2495.981689453125, 3878.003173828125, 11056.8681640625, 7980.2861328125, 3077.2392578125, 0.0, 4580.015625, 9777.5166015625, 8231.4541015625, 10590.6728515625, 3896.833251953125, 4660.2861328125, 6862.169921875, 10577.8232421875, 8161.25, 8022.72607421875, 7331.15869140625, 4030.632080078125, 5038.7578125, 4301.970703125, 2241.009033203125, 10870.7255859375, 12153.720703125, 5660.3310546875, 8707.990234375, 11413.5517578125, 4110.0546875, 3157.3583984375, 6606.09765625, 3928.193603515625, 5107.75830078125, 4358.4951171875, 9272.8232421875, 10762.2421875, 8923.0126953125, 11567.3037109375, 1060.564453125, 2144.655029296875, 7426.21240234375, 4914.08544921875, 5108.50146484375, 3750.497802734375, 9463.2978515625, 722.80078125, 3373.0888671875, 6061.3017578125, 927.4616088867188, 6635.4775390625, 2521.794921875, 3691.640625, 9261.150390625, 8039.4755859375, 5493.068359375, 3042.309814453125, 4360.01220703125, 2578.744873046875, 2474.66552734375, 7437.5263671875, 2693.227783203125, 3175.015869140625, 11769.85546875, 6252.486328125, 1712.78515625, 576.6289672851562, 1819.7713623046875, 3661.23828125, 3310.849609375, 6222.10595703125, 13395.431640625, 5718.16943359375, 4233.9150390625, 4751.32958984375, 2812.494384765625, 2631.83447265625, 9539.9599609375], [8216.572265625, 14140.3154296875, 15354.771484375, 13957.91796875, 10407.958984375, 1634.2490234375, 3348.09716796875, 16321.091796875, 12770.9072265625, 2970.871337890625, 7951.96337890625, 5691.26416015625, 11814.841796875, 7909.02001953125, 7510.00341796875, 8177.12939453125, 4206.7890625, 7186.73974609375, 15080.9541015625, 12556.5419921875, 3849.361083984375, 4580.015625, 0.0, 14096.12890625, 10382.3779296875, 12227.21484375, 5270.40087890625, 7012.93701171875, 7686.5322265625, 12076.685546875, 12704.3095703125, 11987.751953125, 11900.3232421875, 8596.24609375, 9618.7353515625, 6647.71826171875, 4055.57421875, 15413.3583984375, 16683.32421875, 9762.34375, 9421.330078125, 15939.8828125, 8578.83203125, 5207.43115234375, 7050.197265625, 7252.9169921875, 8859.0751953125, 8021.37939453125, 11805.9765625, 14625.6630859375, 11899.966796875, 15473.1123046875, 4878.87841796875, 5649.615234375, 11245.7734375, 6673.45947265625, 9556.529296875, 6526.21240234375, 13795.041015625, 3871.649658203125, 3832.14990234375, 8630.7900390625, 4040.89208984375, 8708.484375, 4323.31591796875, 7509.6484375, 13491.8818359375, 12619.09375, 10071.5703125, 7551.84814453125, 8245.4248046875, 6835.38818359375, 2941.246826171875, 10220.52734375, 7159.58154296875, 4218.6279296875, 16312.1220703125, 10716.62109375, 6228.74462890625, 5079.86328125, 4609.85498046875, 4305.73681640625, 3914.337158203125, 8213.9169921875, 17760.66015625, 9524.884765625, 6888.64501953125, 6461.1962890625, 4530.73779296875, 7210.12890625, 11029.603515625], [5988.54638671875, 1468.0030517578125, 3030.1796875, 4302.4384765625, 8663.1943359375, 13755.69140625, 13020.4052734375, 3413.36962890625, 12296.77734375, 11197.6845703125, 6503.59716796875, 8745.9658203125, 11114.603515625, 8500.8779296875, 9912.0947265625, 10761.494140625, 11753.927734375, 7270.865234375, 2254.45458984375, 4420.2333984375, 12475.7236328125, 9777.5166015625, 14096.12890625, 0.0, 7994.154296875, 9709.662109375, 12520.0751953125, 11855.7841796875, 10357.72265625, 10014.705078125, 5270.2001953125, 9151.3623046875, 4838.2734375, 6034.89453125, 5515.205078125, 11756.4638671875, 10190.240234375, 2869.377197265625, 3499.6240234375, 8391.33984375, 10935.2236328125, 2916.7275390625, 7257.251953125, 9415.109375, 10884.7138671875, 7207.986328125, 9472.03125, 6321.06201171875, 7158.94677734375, 2857.4580078125, 5891.94091796875, 3069.9892578125, 9232.86328125, 10179.48828125, 3637.8173828125, 9086.48828125, 6929.7734375, 8145.04150390625, 7608.3896484375, 10384.291015625, 10953.30078125, 12024.3388671875, 10618.4482421875, 8214.7744140625, 11710.1708984375, 6674.361328125, 832.0, 4139.02685546875, 5083.80712890625, 6773.80078125, 9168.1015625, 7281.87841796875, 12208.9111328125, 6553.04052734375, 7087.83447265625, 10468.5478515625, 3412.9833984375, 6458.78857421875, 8579.6123046875, 9460.0556640625, 10900.3623046875, 12852.7724609375, 10838.7392578125, 8425.9794921875, 3671.938232421875, 4922.85595703125, 11358.2080078125, 12599.494140625, 11858.7509765625, 7504.32958984375, 9680.599609375], [6690.81298828125, 9097.3076171875, 10827.3544921875, 4956.1826171875, 12188.806640625, 11016.4619140625, 11380.5625, 11385.4794921875, 16208.001953125, 7728.494140625, 7447.50634765625, 7969.00732421875, 14873.6240234375, 2493.012939453125, 11272.0205078125, 12469.0283203125, 10698.6767578125, 4497.45849609375, 7340.9296875, 10233.876953125, 11185.6142578125, 8231.4541015625, 10382.3779296875, 7994.154296875, 0.0, 2492.1911