{"speed": [30, 15, 10, 10, 15, 10, 30, 10, 10, 30, 10, 15, 15, 10, 15], "targets": [[0, 0, 0, 0], [3309, -6045, 17, 28], [-5709, 4244, 15, 24], [-974, -4985, 15, 28], [7302, -3204, 20, 28], [6870, -1005, 18, 17], [-5498, 5308, 20, 26], [-2018, -967, 17, 27], [-1988, 7283, 19, 21], [-7298, -5311, 15, 29], [730, 3129, 20, 16], [-4778, -6772, 17, 27], [-4292, 4996, 17, 28], [-5399, 6780, 15, 30], [5038, -2995, 20, 29], [-5334, 6853, 19, 15], [3663, 6764, 15, 15], [-47, 563, 19, 23], [3864, -3593, 20, 22], [5244, 1474, 18, 25], [-7177, -2216, 19, 28], [-5765, -6082, 17, 16], [2366, -3023, 19, 24], [4169, 1833, 15, 16], [-3858, -2560, 16, 15], [450, 124, 15, 21], [-1325, 1125, 16, 17], [3448, -2091, 19, 23], [-2803, -3061, 18, 22], [-7329, -3392, 18, 30], [7180, -5295, 17, 30], [5216, 1687, 17, 23], [5180, 1965, 15, 30], [-6632, -6067, 16, 26], [-119, 6166, 17, 26], [-1743, 3865, 17, 28], [4917, 424, 18, 29], [5183, 1280, 17, 28], [-244, -5229, 16, 22], [6977, -2791, 16, 25], [-4546, -2487, 16, 19], [-7039, -3798, 19, 24], [280, 4609, 17, 18], [-753, 1257, 19, 22], [-779, -1482, 19, 20], [4826, 3481, 18, 17], [-5744, -5645, 17, 18], [2162, -4803, 20, 30], [5093, 7158, 20, 24], [-1142, -7348, 20, 15], [-1872, -1535, 17, 18], [-4292, 1569, 16, 28], [-523, 298, 20, 28], [5145, 4085, 19, 24], [-2191, -1966, 18, 23], [1308, 2758, 18, 18], [3000, -473, 20, 15], [6666, -4853, 15, 15], [2096, -7450, 18, 29], [-6012, -7280, 15, 18], [5961, 4879, 17, 22], [6938, -5927, 17, 29], [1983, 3590, 15, 28], [491, 3801, 17, 22], [1437, 4658, 15, 25], [-1571, 5062, 17, 23], [6053, 6861, 15, 26], [925, -3640, 20, 26], [-4006, -631, 20, 25], [-1814, -1358, 17, 30], [3338, 5892, 16, 25], [5328, 7284, 20, 15], [5539, 5538, 17, 23], [12, -5926, 18, 19], [-898, -5216, 15, 15], [6320, -7213, 18, 26], [937, -1508, 17, 23], [-2100, -520, 18, 24], [-213, 2133, 19, 30], [4653, 5763, 19, 29], [-6157, -6534, 18, 21], [-3223, 3538, 19, 20], [-4297, -2560, 15, 20], [1047, -2870, 15, 20], [-2315, 1569, 16, 25], [6062, -1663, 20, 16], [2464, 1535, 19, 16], [-1026, 7322, 18, 18], [-3434, 1957, 18, 21], [181, 1320, 17, 22], [4885, 6413, 15, 15]], "tasks": [[1, 2, 3, 4, 5, 6, 7, 8, 9, 10, 11, 12, 13, 14, 15, 16, 17, 18, 19, 20, 21, 22, 23, 24, 25, 26, 27, 28, 29, 30, 31, 32, 33, 34, 35, 36, 37, 38, 39, 40, 41, 42, 43, 44, 45, 46, 47, 48, 49, 50, 51, 52, 53, 54, 55, 56, 57, 58, 59, 60, 61, 62, 63, 64, 65, 66, 67, 68, 69, 70, 71, 72, 73, 74, 75, 76, 77, 78, 79, 80, 81, 82, 83, 84, 85, 86, 87, 88, 89, 90], [], [], [], [], [], [], [], [], [], [], [], [], [], []], "map": [[0.0, 6891.408203125, 7113.6640625, 5079.26171875, 7974.0087890625, 6943.12060546875, 7642.1767578125, 2237.724853515625, 7549.45263671875, 9025.9365234375, 3213.02685546875, 8287.8984375, 6586.44677734375, 8667.041015625, 5861.0126953125, 8684.1904296875, 7692.15625, 564.9584350585938, 5276.3759765625, 5447.220703125, 7511.32373046875, 8380.0927734375, 3838.81298828125, 4554.16845703125, 4630.09326171875, 466.7718811035156, 1738.17431640625, 4032.4912109375, 4150.4853515625, 8075.88427734375, 8921.291015625, 5482.02734375, 5540.1826171875, 8988.4326171875, 6167.1484375, 4239.84375, 4935.2470703125, 5338.7158203125, 5234.68994140625, 7514.533203125, 5181.82275390625, 7998.27001953125, 4617.4970703125, 1465.2843017578125, 1674.2655029296875, 5950.431640625, 8053.54345703125, 5267.16748046875, 8784.96484375, 7436.21337890625, 2420.869384765625, 4569.794921875, 601.9410400390625, 6569.49365234375, 2943.745361328125, 3052.4462890625, 3037.059326171875, 8245.4326171875, 7739.232421875, 9441.533203125, 7703.126953125, 9124.9755859375, 4101.2666015625, 3832.58154296875, 4874.62109375, 5300.177734375, 9149.43359375, 3755.6923828125, 4055.39111328125, 2266.0009765625, 6771.8466796875, 9024.646484375, 7832.6220703125, 5926.01220703125, 5292.736328125, 9590.0869140625, 1775.3966064453125, 2163.423095703125, 2143.608642578125, 7406.927734375, 8977.8505859375, 4785.93505859375, 5001.78076171875, 3055.013671875, 2796.6025390625, 6285.9697265625, 2903.019287109375, 7393.53515625, 3952.493408203125, 1332.3516845703125, 8061.625], [6891.408203125, 0.0, 13681.6611328125, 4412.22021484375, 4900.5439453125, 6171.08740234375, 14368.501953125, 7359.552734375, 14342.029296875, 10632.3662109375, 9529.6123046875, 8119.61181640625, 13404.435546875, 15501.931640625, 3505.986572265625, 15526.1025390625, 12813.890625, 7411.36962890625, 2514.0263671875, 7763.99267578125, 11163.2177734375, 9074.0751953125, 3165.712158203125, 7924.8017578125, 7969.38623046875, 6799.29736328125, 8537.1455078125, 3956.4423828125, 6801.529296875, 10963.8251953125, 3942.986328125, 7963.697265625, 8225.615234375, 9941.0244140625, 12683.0478515625, 11123.4345703125, 6665.85498046875, 7560.91943359375, 3645.499267578125, 4903.33984375, 8623.2470703125, 10589.150390625, 11076.2158203125, 8355.779296875, 6126.39501953125, 9646.033203125, 9061.8330078125, 1690.6131591796875, 13322.982421875, 4637.80224609375, 6868.97802734375, 10758.6337890625, 7410.6591796875, 10295.037109375, 6847.4990234375, 9027.55859375, 5580.5615234375, 3562.3466796875, 1856.17724609375, 9402.4609375, 11241.302734375, 3630.91796875, 9725.81640625, 10241.330078125, 10865.4775390625, 12131.7705078125, 13194.482421875, 3386.366943359375, 9100.583984375, 6943.5654296875, 11937.03515625, 13481.0458984375, 11795.7109375, 3299.14697265625, 4287.900390625, 3229.6044921875, 5119.64404296875, 7731.9404296875, 8904.166015625, 11884.2412109375, 9478.6220703125, 11597.453125, 8366.388671875, 3898.367431640625, 9465.8525390625, 5175.02978515625, 7626.95361328125, 14052.36328125, 10464.2275390625, 8001.7255859375, 12557.2900390625], [7113.6640625, 13681.6611328125, 0.0, 10372.78515625, 14991.958984375, 13630.232421875, 1084.7197265625, 6385.765625, 4804.306640625, 9686.224609375, 6534.82568359375, 11055.271484375, 1604.1798095703125, 2554.876953125, 12957.6669921875, 2635.812255859375, 9704.884765625, 6753.3701171875, 12371.7783203125, 11297.8369140625, 6624.6982421875, 10326.1513671875, 10863.466796875, 10167.9794921875, 7051.28466796875, 7409.9716796875, 5380.298828125, 11134.759765625, 7861.79736328125, 7805.95263671875, 16034.92578125, 11220.244140625, 11124.9345703125, 10352.2294921875, 5911.19140625, 3984.06787109375, 11291.779296875, 11288.0888671875, 10936.359375, 14506.0615234375, 6830.734375, 8151.23681640625, 6000.1123046875, 5786.54541015625, 7555.92333984375, 10562.59375, 9889.0615234375, 11991.69921875, 11188.1455078125, 12459.2119140625, 6936.8154296875, 3027.129638671875, 6516.556640625, 10855.1640625, 7137.255859375, 7172.62060546875, 9904.3818359375, 15358.9072265625, 14059.43359375, 11527.982421875, 11687.263671875, 16229.474609375, 7719.75244140625, 6215.80615234375, 7157.982421875, 4218.076171875, 12049.619140625, 10303.7568359375, 5163.89697265625, 6823.00732421875, 9195.875, 11448.01171875, 11322.1875, 11668.7080078125, 10613.0732421875, 16612.03515625, 8789.4716796875, 5976.66943359375, 5887.47265625, 10472.74609375, 10787.306640625, 2584.304931640625, 6948.96826171875, 9810.837890625, 4321.44189453125, 13170.0068359375, 8610.26171875, 5603.978515625, 3225.832275390625, 6575.85546875, 10813.759765625], [5079.26171875, 4412.22021484375, 10372.78515625, 0.0, 8465.4677734375, 8795.9501953125, 11243.328125, 4151.41650390625, 12309.833984375, 6332.39697265625, 8290.99609375, 4202.83056640625, 10518.0556640625, 12569.6396484375, 6332.791015625, 12615.380859375, 12630.9453125, 5624.91162109375, 5034.2734375, 8965.6123046875, 6792.9794921875, 4914.986328125, 3873.634521484375, 8540.232421875, 3768.0341796875, 5303.73974609375, 6120.07373046875, 5284.81982421875, 2654.621826171875, 6551.6162109375, 8159.890625, 9101.19140625, 9283.0068359375, 5760.5283203125, 11183.73046875, 8883.34765625, 7997.572265625, 8784.0126953125, 769.6986694335938, 8248.1533203125, 4358.8056640625, 6180.064453125, 9675.6064453125, 6245.9111328125, 3508.42333984375, 10262.2197265625, 4815.44384765625, 3141.27685546875, 13574.2744140625, 2368.964599609375, 3564.955078125, 7346.02197265625, 5302.21533203125, 10941.072265625, 3255.065185546875, 8072.27197265625, 6012.55517578125, 7641.14013671875, 3937.146728515625, 5536.10595703125, 12057.890625, 7967.8798828125, 9070.52734375, 8907.3017578125, 9939.837890625, 10064.7216796875, 13773.396484375, 2327.063720703125, 5305.689453125, 3723.0, 11700.533203125, 13792.880859375, 12375.4873046875, 1362.96630859375, 243.18099975585938, 7626.69140625, 3967.549560546875, 4604.791015625, 7158.564453125, 12131.884765625, 5409.5185546875, 8814.7333984375, 4113.751953125, 2925.348876953125, 6689.783203125, 7780.80859375, 7370.9052734375, 12307.109375, 7364.982421875, 6409.91796875, 12815.705078125], [7974.0087890625, 4900.5439453125, 14991.958984375, 8465.4677734375, 0.0, 2241.0322265625, 15371.8623046875, 9584.705078125, 14010.0419921875, 14751.2529296875, 9126.77734375, 12595.9130859375, 14200.7333984375, 16155.3603515625, 2273.62646484375, 16149.6669921875, 10611.47265625, 8258.2138671875, 3459.937255859375, 5110.6796875, 14512.669921875, 13380.185546875, 4939.3173828125, 5931.8681640625, 11178.56640625, 7617.4462890625, 9652.220703125, 4011.494140625, 10106.01171875, 14632.2080078125, 2094.55615234375, 5317.26220703125, 5587.615234375, 14225.087890625, 11952.74609375, 11479.66796875, 4341.72900390625, 4959.4775390625, 7812.9853515625, 525.5416259765625, 11869.67578125, 14353.2958984375, 10504.830078125, 9207.7978515625, 8262.435546875, 7128.80078125, 13272.3994140625, 5382.97314453125, 10594.8447265625, 9406.0546875, 9324.58203125, 12538.037109375, 8572.900390625, 7601.45849609375, 9573.384765625, 8454.19921875, 5095.6416015625, 1767.3983154296875, 6717.95751953125, 13923.94921875, 8193.4833984375, 2747.221435546875, 8628.453125, 9770.3505859375, 9808.6328125, 12126.701171875, 10142.2001953125, 6391.88720703125, 11597.0341796875, 9301.0302734375, 9922.22265625, 10672.1513671875, 8918.0009765625, 7781.60546875, 8443.23046875, 4127.51806640625, 6587.08154296875, 9777.599609375, 9217.3095703125, 9350.095703125, 13864.8330078125, 12499.2080078125, 11616.8642578125, 6263.9111328125, 10736.3037109375, 1977.94873046875, 6772.3232421875, 13422.0810546875, 11912.0791015625, 8436.541015625, 9916.0771484375], [6943.12060546875, 6171.08740234375, 13630.232421875, 8795.9501953125, 2241.0322265625, 0.0, 13886.0146484375, 8888.0810546875, 12130.7509765625, 14807.8984375, 7401.99658203125, 12997.46875, 12672.89453125, 14530.470703125, 2704.870361328125, 14515.01953125, 8404.8916015625, 7092.4970703125, 3966.5830078125, 2964.67822265625, 14099.103515625, 13616.8701171875, 4935.4169921875, 3917.8623046875, 10840.111328125, 6518.51513671875, 8467.28515625, 3590.192138671875, 9889.087890625, 14398.2421875, 4301.18603515625, 3159.522216796875, 3417.16259765625, 14419.703125, 10013.458984375, 9894.4765625, 2419.968994140625, 2840.280517578125, 8273.5224609375, 1789.202392578125, 11511.79296875, 14186.6533203125, 8657.083984375, 7951.5263671875, 7663.85888671875, 4929.71923828125, 13440.3349609375, 6048.97265625, 8354.1787109375, 10218.8935546875, 8758.0517578125, 11454.943359375, 7506.947265625, 5374.35791015625, 9111.818359375, 6715.3564453125, 3906.395263671875, 3853.40380859375, 8020.54248046875, 14329.0458984375, 5953.80029296875, 4922.4697265625, 6707.96484375, 7986.81884765625, 7847.7421875, 10395.1416015625, 7908.31494140625, 6502.7880859375, 10882.4287109375, 8691.171875, 7748.78271484375, 8431.208984375, 6677.005859375, 8440.876953125, 8835.96875, 6232.31591796875, 5954.2841796875, 8983.1025390625, 7746.9951171875, 7121.86181640625, 14151.76953125, 11068.310546875, 11274.7470703125, 6114.37255859375, 9538.8525390625, 1042.03076171875, 5085.708984375, 11475.44140625, 10721.2802734375, 7081.5498046875, 7678.994140625], [7642.1767578125, 14368.501953125, 1084.7197265625, 11243.328125, 15371.8623046875, 13886.0146484375, 0.0, 7175.37646484375, 4027.49609375, 10770.4765625, 6598.18359375, 12101.4375, 1245.70458984375, 1475.325439453125, 13414.4365234375, 1553.6798095703125, 9275.982421875, 7226.923828125, 12918.0048828125, 11405.7060546875, 7709.060546875, 11393.12890625, 11456.3544921875, 10272.6103515625, 8037.10302734375, 7890.029296875, 5908.58837890625, 11609.3115234375, 8792.22265625, 8890.587890625, 16527.41015625, 11309.3515625, 11189.072265625, 11431.3857421875, 5446.99951171875, 4022.7197265625, 11503.2900390625, 11415.2763671875, 11774.2470703125, 14873.447265625, 7852.91845703125, 9235.470703125, 5820.12744140625, 6239.04052734375, 8268.80078125, 10484.412109375, 10955.76171875, 12684.9482421875, 10751.3623046875, 13384.658203125, 7744.322265625, 3928.683837890625, 7060.50439453125, 10713.0380859375, 7990.4521484375, 7268.021484375, 10277.935546875, 15849.568359375, 14847.0673828125, 12598.4892578125, 11467.02734375, 16759.455078125, 7675.7333984375, 6175.69189453125, 6965.39501953125, 3934.697509765625, 11654.9306640625, 11014.6103515625, 6123.54345703125, 7616.259765625, 8855.2783203125, 11004.85546875, 11039.396484375, 12512.5078125, 11485.4072265625, 17217.44921875, 9373.744140625, 6746.25732421875, 6165.375, 10161.1923828125, 11860.322265625, 2882.451171875, 7959.134765625, 10474.57421875, 4910.357421875, 13499.201171875, 8810.73046875, 4904.587890625, 3935.64453125, 6939.3935546875, 10441.6337890625], [2237.724853515625, 7359.552734375, 6385.765625, 4151.41650390625, 9584.705078125, 8888.0810546875, 7175.37646484375, 0.0, 8250.0546875, 6837.3046875, 4932.4150390625, 6427.72314453125, 6381.88427734375, 8452.642578125, 7341.65625, 8494.0126953125, 9593.8583984375, 2495.1435546875, 6441.568359375, 7661.2744140625, 5308.03955078125, 6340.60205078125, 4842.16796875, 6791.0947265625, 2433.772705078125, 2698.389404296875, 2203.795166015625, 5580.3701171875, 2236.30517578125, 5838.43701171875, 10165.3720703125, 7705.4833984375, 7772.2470703125, 6877.4267578125, 7381.4560546875, 4839.8193359375, 7073.12548828125, 7543.43505859375, 4616.4619140625, 9178.0712890625, 2949.77685546875, 5764.11328125, 6030.96826171875, 2558.593505859375, 1341.769775390625, 8162.41650390625, 5980.53173828125, 5673.384765625, 10797.3115234375, 6440.84912109375, 586.4639892578125, 3406.2255859375, 1958.37939453125, 8765.3447265625, 1013.8688354492188, 4993.7861328125, 5042.25732421875, 9513.82421875, 7678.16943359375, 7470.341796875, 9891.41796875, 10237.7509765625, 6064.177734375, 5387.84814453125, 6601.3369140625, 6045.5478515625, 11243.603515625, 3975.698486328125, 2016.1944580078125, 441.01812744140625, 8702.44921875, 11047.294921875, 9971.1220703125, 5358.412109375, 4394.13232421875, 10418.001953125, 3004.11474609375, 454.4590148925781, 3587.202880859375, 9476.0302734375, 6937.060546875, 4663.373046875, 2780.5556640625, 3607.71875, 2553.33203125, 8109.9208984375, 5133.06201171875, 8348.1484375, 3248.820068359375, 3172.69140625, 10105.236328125], [7549.45263671875, 14342.029296875, 4804.306640625, 12309.833984375, 14010.0419921875, 12130.7509765625, 4027.49609375, 8250.0546875, 0.0, 13667.66015625, 4964.19580078125, 14329.240234375, 3246.349609375, 3447.8876953125, 12449.978515625, 3373.516845703125, 5674.783203125, 6994.70361328125, 12350.4365234375, 9276.115234375, 10823.8955078125, 13888.447265625, 11187.982421875, 8222.599609375, 10019.0595703125, 7562.74609375, 6193.587890625, 10836.1416015625, 10376.056640625, 11936.578125, 15564.6494140625, 9122.1064453125, 8925.3203125, 14134.681640625, 2177.349365234375, 3426.76953125, 9732.671875, 9351.96484375, 12632.9599609375, 13485.42578125, 10099.3203125, 12177.896484375, 3506.29443359375, 6151.251953125, 8847.9892578125, 7802.935546875, 13462.5673828125, 12778.650390625, 7082.10302734375, 14655.4384765625, 8818.7626953125, 6161.0234375, 7136.9775390625, 7817.08984375, 9251.2275390625, 5598.14599609375, 9221.4794921875, 14905.509765625, 15288.5693359375, 15108.724609375, 8304.56640625, 15942.947265625, 5422.83056640625, 4274.314453125, 4315.23486328125, 2259.8076171875, 8052.06591796875, 11304.755859375, 8167.234375, 8642.751953125, 5504.6484375, 7316.0, 7726.62646484375, 13359.5537109375, 12546.4375, 16707.98828125, 9264.8427734375, 7803.8037109375, 5447.30419921875, 6812.7294921875, 14432.2568359375, 3943.380615234375, 10110.19921875, 10596.916015625, 5723.34912109375, 12034.67578125, 7270.47509765625, 962.7902221679688, 5518.8037109375, 6345.22900390625, 6927.84423828125], [9025.9365234375, 10632.3662109375, 9686.224609375, 6332.39697265625, 14751.2529296875, 14807.8984375, 10770.4765625, 6837.3046875, 13667.66015625, 0.0, 11648.2783203125, 2912.888671875, 10736.400390625, 12239.21875, 12551.5234375, 12321.533203125, 16307.947265625, 9331.7138671875, 11293.439453125, 14259.6630859375, 3097.3642578125, 1715.9632568359375, 9931.1552734375, 13510.3232421875, 4404.724609375, 9464.181640625, 8780.59375, 11218.0625, 5026.68115234375, 1919.2503662109375, 14478.0087890625, 14337.7890625, 14444.3984375, 1007.5177612304688, 13537.33984375, 10726.462890625, 13494.3115234375, 14114.412109375, 7054.4765625, 14495.724609375, 3943.156005859375, 1535.0081787109375, 12483.2880859375, 9272.3056640625, 7560.3310546875, 14976.3359375, 1589.4879150390625, 9473.6298828125, 17578.76171875, 6484.26611328125, 6610.5712890625, 7508.02490234375, 8795.5390625, 15592.0830078125, 6104.955078125, 11797.1181640625, 11377.8310546875, 13971.5087890625, 9634.4462890625, 2351.756103515625, 16722.35546875, 14249.3212890625, 12859.4228515625, 11987.37109375, 13254.4775390625, 11848.9521484375, 18066.73046875, 8391.064453125, 5721.8583984375, 6760.2119140625, 15447.708984375, 17833.953125, 16807.419921875, 7335.82470703125, 6400.705078125, 13750.1826171875, 9070.7236328125, 7069.150390625, 10276.6904296875, 16292.939453125, 1672.605712890625, 9742.1982421875, 4071.117919921875, 8694.6826171875, 8494.98046875, 13849.09765625, 11923.26953125, 14104.2783203125, 8231.30078125, 9995.279296875, 16907.91796875], [3213.02685546875, 9529.6123046875, 6534.82568359375, 8290.99609375, 9126.77734375, 7401.99658203125, 6598.18359375, 4932.4150390625, 4964.19580078125, 11648.2783203125, 0.0, 11329.9541015625, 5357.81396484375, 7134.0341796875, 7487.47216796875, 7116.19775390625, 4670.7294921875, 2681.060302734375, 7416.6865234375, 4807.8291015625, 9544.0908203125, 11270.6494140625, 6365.81494140625, 3675.096923828125, 7308.52001953125, 3018.016845703125, 2870.373046875, 5885.2294921875, 7127.28466796875, 10366.818359375, 10609.7255859375, 4712.0654296875, 4599.716796875, 11779.875, 3153.437744140625, 2580.19873046875, 4984.7763671875, 4821.619140625, 8414.5615234375, 8606.474609375, 7705.55859375, 10408.68359375, 1546.900146484375, 2388.236328125, 4851.63916015625, 4111.09716796875, 10903.9326171875, 8060.22607421875, 5938.73828125, 10642.927734375, 5340.720703125, 5258.71484375, 3095.895751953125, 4517.31787109375, 5872.9267578125, 686.8223876953125, 4257.6171875, 9947.2822265625, 10666.8271484375, 12401.6875, 5515.96435546875, 10979.544921875, 1335.1142578125, 713.235595703125, 1684.54443359375, 3005.17724609375, 6500.9345703125, 6771.80810546875, 6047.08984375, 5158.013671875, 3799.45166015625, 6197.2275390625, 5378.6396484375, 9083.421875, 8502.3173828125, 11756.0654296875, 4641.6181640625, 4617.802734375, 1371.5921630859375, 4725.2392578125, 11866.1005859375, 3974.102294921875, 7591.80126953125, 6007.36962890625, 3421.348388671875, 7168.92529296875, 2355.332763671875, 4545.853515625, 4325.79248046875, 1890.4713134765625, 5296.1005859375], [8287.8984375, 8119.61181640625, 11055.271484375, 4202.83056640625, 12595.9130859375, 12997.46875, 12101.4375, 6427.72314453125, 14329.240234375, 2912.888671875, 11329.9541015625, 0.0, 11778.03125, 13566.220703125, 10517.5849609375, 13636.33984375, 15952.234375, 8728.3779296875, 9208.16015625, 12978.328125, 5149.01318359375, 1204.2711181640625, 8067.94482421875, 12413.494140625, 4311.30419921875, 8653.7158203125, 8618.921875, 9464.609375, 4203.8251953125, 4234.619140625, 12048.87109375, 13093.3076171875, 13247.525390625, 1983.517333984375, 13751.294921875, 11061.509765625, 12073.75, 12808.443359375, 4789.36376953125, 12410.8173828125, 4291.27587890625, 3735.879638671875, 12454.337890625, 8981.3955078125, 6631.44775390625, 14048.5166015625, 1484.3466796875, 7213.91455078125, 17072.830078125, 3681.341064453125, 5989.24072265625, 8355.146484375, 8251.662109375, 14708.513671875, 5458.04052734375, 11307.5322265625, 10008.73046875, 11603.779296875, 6907.35546875, 1334.4736328125, 15845.2490234375, 11746.4326171875, 12372.6376953125, 11813.1572265625, 13010.423828125, 12260.8486328125, 17411.755859375, 6506.43017578125, 6189.3349609375, 6172.251953125, 15041.4873046875, 17311.9140625, 16061.6494140625, 4864.1357421875, 4180.375, 11106.7587890625, 7769.87255859375, 6801.41064453125, 10006.91015625, 15686.6181640625, 1399.3873291015625, 10426.6064453125, 4239.37548828125, 7011.150390625, 8697.048828125, 11983.6337890625, 11020.5634765625, 14584.8671875, 8831.861328125, 9490.634765625, 16346.7978515625], [6586.44677734375, 13404.435546875, 1604.1798095703125, 10518.0556640625, 14200.7333984375, 12672.89453125, 1245.70458984375, 6381.88427734375, 3246.349609375, 10736.400390625, 5357.81396484375, 11778.03125, 0.0, 2099.548828125, 12284.3388671875, 2129.369140625, 8149.10107421875, 6137.71240234375, 11844.4609375, 10165.6171875, 7767.63623046875, 11175.5009765625, 10422.7314453125, 9032.8896484375, 7568.45361328125, 6798.74609375, 4877.2666015625, 10494.435546875, 8193.4345703125, 8920.869140625, 15411.4072265625, 10067.3505859375, 9945.13671875, 11307.765625, 4333.916015625, 2788.648681640625, 10281.4814453125, 10177.63671875, 10997.1328125, 13697.7275390625, 7487.3095703125, 9213.05859375, 4588.349609375, 5148.26611328125, 7369.23681640625, 9243.005859375, 10739.6083984375, 11733.478515625, 9630.80859375, 12739.5771484375, 6964.93798828125, 3427.0, 6023.0029296875, 9480.8701171875, 7272.1142578125, 6030.64208984375, 9115.0, 14733.654296875, 13989.6201171875, 12395.9091796875, 10253.66796875, 15666.041015625, 6430.587890625, 4930.021484375, 5738.9619140625, 2721.80029296875, 10511.767578125, 10089.478515625, 5634.263671875, 6820.1025390625, 7682.42919921875, 9888.34375, 9845.9296875, 11739.4423828125, 10761.2353515625, 16176.34765625, 8345.3251953125, 5935.5810546875, 4983.4736328125, 8977.8232421875, 11679.859375, 1807.90625, 7556.00146484375, 9506.7802734375, 3956.369384765625, 12310.466796875, 7590.91943359375, 4009.617431640625, 3157.797607421875, 5789.70703125, 9285.75390625], [8667.041015625, 15501.931640625, 2554.876953125, 12569.6396484375, 16155.3603515625, 14530.470703125, 1475.325439453125, 8452.642578125, 3447.8876953125, 12239.21875, 7134.0341796875, 13566.220703125, 2099.548828125, 0.0, 14299.7060546875, 97.74456787109375, 9062.013671875, 8203.3525390625, 13906.9150390625, 11892.3125, 9170.021484375, 12867.2060546875, 12505.759765625, 10771.2314453125, 9466.2705078125, 8860.763671875, 6969.6845703125, 12528.529296875, 10177.646484375, 10353.4765625, 17436.65234375, 11773.56640625, 11623.2294921875, 12906.033203125, 5315.58056640625, 4675.8486328125, 12116.8720703125, 11925.96875, 13068.6689453125, 15645.1083984375, 9306.1748046875, 10704.376953125, 6079.82568359375, 7217.26025390625, 9465.994140625, 10744.0224609375, 12429.7890625, 13832.375, 10498.806640625, 14755.4208984375, 9032.1064453125, 5327.28564453125, 8111.20849609375, 10882.966796875, 9315.78125, 7820.50732421875, 11097.26171875, 16759.80078125, 16083.15625, 14073.3564453125, 11517.9599609375, 17710.71484375, 8041.767578125, 6600.49560546875, 7157.77783203125, 4195.84423828125, 11452.2861328125, 12188.9033203125, 7540.7802734375, 8892.65234375, 8782.0107421875, 10738.833984375, 11008.2880859375, 13810.1904296875, 12812.611328125, 18252.095703125, 10432.44140625, 8010.830078125, 6963.4189453125, 10103.31640625, 13335.5595703125, 3904.5537109375, 9404.7861328125, 11604.8876953125, 6055.2109375, 14235.125, 9451.814453125, 4406.46044921875, 5207.931640625, 7806.919921875, 10290.546875], [5861.0126953125, 3505.986572265625, 12957.6669921875, 6332.791015625, 2273.62646484375, 2704.870361328125, 13414.4365234375, 7341.65625, 12449.978515625, 12551.5234375, 7487.47216796875, 10517.5849609375, 12284.3388671875, 14299.7060546875, 0.0, 14302.4990234375, 9855.3896484375, 6206.17333984375, 1317.5279541015625, 4473.7451171875, 12239.814453125, 11235.4072265625, 2672.146728515625, 4905.5830078125, 8906.62890625, 5547.78369140625, 7580.38037109375, 1829.0205078125, 7841.27783203125, 12373.3701171875, 3142.95458984375, 4685.38232421875, 4962.0322265625, 12067.5634765625, 10512.78125, 9645.8056640625, 3421.140380859375, 4277.45849609375, 5735.0048828125, 1949.7017822265625, 9597.4541015625, 12103.666015625, 8969.9150390625, 7184.37109375, 6010.54541015625, 6479.46923828125, 11102.8837890625, 3397.0927734375, 10153.1494140625, 7559.1669921875, 7062.55615234375, 10386.4814453125, 6462.86083984375, 7080.80859375, 7301.8681640625, 6856.37744140625, 3242.518798828125, 2470.33349609375, 5338.7626953125, 11851.7392578125, 7927.9130859375, 3493.7978515625, 7259.1494140625, 8176.8466796875, 8457.873046875, 10420.8505859375, 9908.1259765625, 4163.26708984375, 9347.857421875, 7044.8330078125, 9048.1357421875, 10283.08984375, 8547.6953125, 5818.19873046875, 6337.89697265625, 4408.52001953125, 4362.2666015625, 7554.91015625, 7339.57666015625, 8766.4580078125, 11741.0625, 10532.056640625, 9345.1298828125, 3992.95703125, 8654.2880859375, 1680.1190185546875, 5210.21826171875, 11967.146484375, 9813.1083984375, 6496.8974609375, 9409.244140625], [8684.1904296875, 15526.1025390625, 2635.812255859375, 12615.380859375, 16149.6669921875, 14515.01953125, 1553.6798095703125, 8494.0126953125, 3373.516845703125, 12321.533203125, 7116.19775390625, 13636.33984375, 2129.369140625, 97.74456787109375, 14302.4990234375, 0.0, 8997.4404296875, 8216.8408203125, 13918.4091796875, 11867.0859375, 9254.3720703125, 12942.1787109375, 12522.994140625, 10747.4375, 9528.0185546875, 8873.2236328125, 6991.57080078125, 12534.6982421875, 10231.9775390625, 10437.4345703125, 17440.587890625, 11746.9169921875, 11594.685546875, 12985.0380859375, 5260.056640625, 4671.5546875, 12100.2080078125, 11902.3369140625, 13110.4091796875, 15638.65234375, 9373.1826171875, 10786.6044921875, 6045.869140625, 7231.927734375, 9498.43359375, 10704.951171875, 12504.7236328125, 13858.2958984375, 10431.4599609375, 14806.7978515625, 9074.3583984375, 5385.7607421875, 8131.0361328125, 10838.416015625, 9362.3291015625, 7802.89599609375, 11096.2080078125, 16763.962890625, 16117.7138671875, 14149.25390625, 11466.1982421875, 17718.080078125, 8011.59521484375, 6576.1181640625, 7117.8974609375, 4167.47509765625, 11387.0029296875, 12217.943359375, 7600.91064453125, 8933.6962890625, 8725.0849609375, 10670.7080078125, 10952.23046875, 13852.16796875, 12858.416015625, 18266.583984375, 10451.400390625, 8051.07958984375, 6964.41259765625, 10046.306640625, 13412.2744140625, 3930.082275390625, 9469.94921875, 11629.8701171875, 6085.64013671875, 14226.421875, 9438.74609375, 4333.4541015625, 5251.744140625, 7812.1259765625, 10228.4677734375], [7692.15625, 12813.890625, 9704.884765625, 12630.9453125, 10611.47265625, 8404.8916015625, 9275.982421875, 9593.8583984375, 5674.783203125, 16307.947265625, 4670.7294921875, 15952.234375, 8149.10107421875, 9062.013671875, 9855.3896484375, 8997.4404296875, 0.0, 7226.0986328125, 10358.9501953125, 5521.201171875, 14076.4345703125, 15934.4560546875, 9872.5673828125, 4956.89404296875, 11979.2490234375, 7376.5146484375, 7528.51025390625, 8857.609375, 11761.79296875, 14965.57421875, 12561.400390625, 5309.21240234375, 5033.0595703125, 16450.580078125, 3828.9853515625, 6134.2509765625, 6462.82568359375, 5690.751953125, 12613.353515625, 10113.388671875, 12368.05078125, 15036.244140625, 4011.073974609375, 7058.90234375, 9366.31640625, 3482.909423828125, 15571.6064453125, 11663.982421875, 1483.2855224609375, 14907.6005859375, 9975.451171875, 9501.0556640625, 7702.71044921875, 3061.59521484375, 10511.0517578125, 4646.94091796875, 7267.30615234375, 11998.8623046875, 14300.115234375, 17054.01953125, 2972.20947265625, 13106.7578125, 3591.1943359375, 4340.61669921875, 3064.361572265625, 5503.77685546875, 2391.967529296875, 10758.24609375, 10653.6181640625, 9796.142578125, 930.5960693359375, 1744.3121337890625, 2241.082763671875, 13204.7685546875, 12818.8583984375, 14227.3037109375, 8709.595703125, 9288.1015625, 6039.00146484375, 1407.87109375, 16530.85546875, 7604.2138671875, 12259.6318359375, 9982.85546875, 7919.880859375, 8761.822265625, 5364.703125, 4722.0849609375, 8571.736328125, 6462.310546875, 1271.41064453125], [564.9584350585938, 7411.36962890625, 6753.3701171875, 5624.91162109375, 8258.2138671875, 7092.4970703125, 7226.923828125, 2495.1435546875, 6994.70361328125, 9331.7138671875, 2681.060302734375, 8728.3779296875, 6137.71240234375, 8203.3525390625, 6206.17333984375, 8216.8408203125, 7226.0986328125, 0.0, 5706.8603515625, 5368.85498046875, 7652.43359375, 8766.501953125, 4322.263671875, 4403.13037109375, 4927.154296875, 663.1213989257812, 1396.1116943359375, 4388.47802734375, 4552.9013671875, 8286.708984375, 9302.994140625, 5381.68603515625, 5411.7587890625, 9344.470703125, 5603.46240234375, 3712.091064453125, 4965.94580078125, 5278.91943359375, 5795.34912109375, 7783.69384765625, 5435.3935546875, 8240.533203125, 4059.192626953125, 989.98583984375, 2172.06103515625, 5679.86376953125, 8425.857421875, 5802.89892578125, 8361.4365234375, 7986.42236328125, 2780.6884765625, 4362.5751953125, 544.79443359375, 6273.8623046875, 3315.505615234375, 2579.54443359375, 3218.307861328125, 8625.39453125, 8294.6142578125, 9853.6220703125, 7397.5615234375, 9534.6904296875, 3644.67138671875, 3282.390625, 4355.603515625, 4750.11328125, 8767.828125, 4313.93017578125, 4135.1318359375, 2610.082275390625, 6313.19775390625, 8605.955078125, 7480.2421875, 6489.26806640625, 5841.32177734375, 10050.1171875, 2292.879638671875, 2321.1416015625, 1578.75146484375, 7009.27978515625, 9364.8017578125, 4351.7353515625, 5274.05224609375, 3603.099365234375, 2481.1005859375, 6501.91943359375, 2692.564697265625, 6829.533203125, 3662.64990234375, 790.5902709960938, 7651.609375], [5276.3759765625, 2514.0263671875, 12371.7783203125, 5034.2734375, 3459.937255859375, 3966.5830078125, 12918.0048828125, 6441.568359375, 12350.4365234375, 11293.439453125, 7416.6865234375, 9208.16015625, 11844.4609375, 13906.9150390625, 1317.5279541015625, 13918.4091796875, 10358.9501953125, 5706.8603515625, 0.0, 5251.560546875, 11126.5361328125, 9945.4892578125, 1602.780029296875, 5434.5654296875, 7790.78759765625, 5046.92822265625, 7013.21923828125, 1558.544189453125, 6688.19189453125, 11194.8046875, 3727.285888671875, 5450.34912109375, 5711.673828125, 10783.630859375, 10540.5107421875, 9330.6064453125, 4152.7216796875, 5048.35498046875, 4421.7822265625, 3214.649658203125, 8482.4130859375, 10904.9267578125, 8950.8583984375, 6696.20703125, 5100.36962890625, 7139.11181640625, 9824.681640625, 2088.27783203125, 10821.0185546875, 6257.7998046875, 6094.0185546875, 9652.283203125, 5863.927734375, 7784.1279296875, 6269.78125, 6846.04541015625, 3237.421142578125, 3072.263671875, 4242.90869140625, 10541.7900390625, 8727.66796875, 3859.667236328125, 7425.20361328125, 8127.0146484375, 8600.5419921875, 10219.9921875, 10680.72265625, 2939.375732421875, 8408.9443359375, 6102.04150390625, 9499.5732421875, 10975.08203125, 9283.3603515625, 4503.419921875, 5030.9814453125, 4374.509765625, 3593.6826171875, 6709.14501953125, 7029.15380859375, 9389.2099609375, 10443.654296875, 10053.6923828125, 8226.1171875, 2908.301513671875, 8051.47705078125, 2925.081787109375, 5315.67333984375, 11960.3232421875, 9168.6044921875, 6140.2001953125, 10057.9560546875], [5447.220703125, 7763.99267578125, 11297.8369140625, 8965.6123046875, 5110.6796875, 2964.67822265625, 11405.7060546875, 7661.2744140625, 9276.115234375, 14259.6630859375, 4807.8291015625, 12978.328125, 10165.6171875, 11892.3125, 4473.7451171875, 11867.0859375, 5521.201171875, 5368.85498046875, 5251.560546875, 0.0, 12957.5205078125, 13352.5732421875, 5339.0908203125, 1133.3604736328125, 9955.880859375, 4980.45556640625, 6578.26416015625, 3991.846923828125, 9236.90625, 13481.7763671875, 7040.416015625, 214.83248901367188, 495.15350341796875, 14067.9091796875, 7125.7724609375, 7384.78515625, 1099.740478515625, 203.3642120361328, 8663.044921875, 4603.6416015625, 10560.9482421875, 13366.6025390625, 5871.07470703125, 6000.9248046875, 6709.2822265625, 2050.066650390625, 13092.6044921875, 6992.814453125, 5686.00537109375, 10890.7607421875, 7726.02978515625, 9536.4736328125, 5885.68310546875, 2612.876220703125, 8192.2421875, 4140.13916015625, 2970.91650390625, 6484.82958984375, 9462.9638671875, 14259.384765625, 3479.671630859375, 7592.3935546875, 3887.361083984375, 5292.0634765625, 4962.9736328125, 7701.81591796875, 5447.40771484375, 6693.78515625, 9486.4921875, 7604.97119140625, 4811.60693359375, 5810.607421875, 4074.69287109375, 9062.771484375, 9081.8642578125, 8753.384765625, 5238.56591796875, 7609.88623046875, 5496.64697265625, 4329.52685546875, 13932.3671875, 8714.9404296875, 10358.7568359375, 6040.29345703125, 7559.59716796875, 3241.896484375, 2780.669189453125, 8573.9140625, 8691.4306640625, 5065.34130859375, 4952.0302734375], [7511.32373046875, 11163.2177734375, 6624.6982421875, 6792.9794921875, 14512.669921875, 14099.103515625, 7709.060546875, 5308.03955078125, 10823.8955078125, 3097.3642578125, 9544.0908203125, 5149.01318359375, 7767.63623046875, 9170.021484375, 12239.814453125, 9254.3720703125, 14076.4345703125, 7652.43359375, 11126.5361328125, 12957.5205078125, 0.0, 4115.78662109375, 9577.060546875, 12046.830078125, 3336.779541015625, 7977.89013671875, 6738.5595703125, 10625.7353515625, 4454.8740234375, 1185.782470703125, 14683.44921875, 12993.0693359375, 13045.16015625, 3889.37353515625, 10957.7958984375, 8155.17724609375, 12378.7900390625, 12844.90625, 7559.40869140625, 14165.6748046875, 2644.919921875, 1588.007568359375, 10108.7822265625, 7302.705078125, 6439.9658203125, 13286.376953125, 3716.38671875, 9690.6904296875, 15441.009765625, 7922.03564453125, 5348.53125, 4759.14404296875, 7113.08056640625, 13839.5908203125, 4992.263671875, 9835.44140625, 10325.181640625, 14091.927734375, 10648.1591796875, 5196.279296875, 14931.37890625, 14594.681640625, 10845.0556640625, 9746.9228515625, 11020.5654296875, 9186.7578125, 16044.4638671875, 8226.1884765625, 3545.062255859375, 5431.2001953125, 13277.9853515625, 15704.2998046875, 14893.662109375, 8089.859375, 6958.86767578125, 14392.3251953125, 8144.830078125, 5352.78857421875, 8210.42578125, 14269.314453125, 4436.83740234375, 6981.59228515625, 2900.4716796875, 8249.962890625, 6161.59619140625, 13250.544921875, 10344.9931640625, 11349.3720703125, 5605.70947265625, 8163.54443359375, 14830.76171875], [8380.0927734375, 9074.0751953125, 10326.1513671875, 4914.986328125, 13380.185546875, 13616.8701171875, 11393.12890625, 6340.60205078125, 13888.447265625, 1715.9632568359375, 11270.6494140625, 1204.2711181640625, 11175.5009765625, 12867.2060546875, 11235.4072265625, 12942.1787109375, 15934.4560546875, 8766.501953125, 9945.4892578125, 13352.5732421875, 4115.78662109375, 0.0, 8687.3837890625, 12701.63671875, 4005.138427734375, 8782.9755859375, 8464.8955078125, 10040.291015625, 4230.82568359375, 3111.622802734375, 12968.9013671875, 13451.3837890625, 13584.81640625, 867.1297607421875, 13486.6904296875, 10729.3662109375, 12507.32421875, 13193.0947265625, 5586.505859375, 13160.138671875, 3796.048828125, 2615.2880859375, 12281.673828125, 8887.12890625, 6783.81884765625, 14269.556640625, 437.5042724609375, 8029.5185546875, 17122.90234375, 4793.21240234375, 5985.87158203125, 7791.50390625, 8257.2978515625, 14912.947265625, 5451.140625, 11321.3486328125, 10406.060546875, 12491.60546875, 7979.14453125, 1223.1978759765625, 16051.2490234375, 12703.9453125, 12392.703125, 11696.6328125, 12931.2177734375, 11907.072265625, 17526.732421875, 7121.759765625, 5727.78173828125, 6158.45556640625, 15041.3193359375, 17369.646484375, 16211.255859375, 5779.10595703125, 4943.44482421875, 12137.80859375, 8114.0791015625, 6660.93603515625, 9915.1865234375, 15774.6240234375, 598.3042602539062, 9950.1845703125, 3815.6923828125, 7531.287109375, 8392.8720703125, 12625.5888671875, 11213.16796875, 14217.0791015625, 8370.1298828125, 9494.447265625, 16417.90234375], [3838.81298828125, 3165.712158203125, 10863.466796875, 3873.634521484375, 4939.3173828125, 4935.4169921875, 11456.3544921875, 4842.16796875, 11187.982421875, 9931.1552734375, 6365.81494140625, 8067.94482421875, 10422.7314453125, 12505.759765625, 2672.146728515625, 12522.994140625, 9872.5673828125, 4322.263671875, 1602.780029296875, 5339.0908203125, 9577.060546875, 8687.3837890625, 0.0, 5179.91748046875, 6241.197265625, 3684.381103515625, 5552.42138671875, 1428.057373046875, 5169.1396484375, 9702.01953125, 5323.21142578125, 5505.14306640625, 5727.0185546875, 9498.9443359375, 9519.0830078125, 8020.50048828125, 4288.28759765625, 5143.08251953125, 3417.38720703125, 4616.8330078125, 6932.75146484375, 9436.876953125, 7911.94140625, 5295.900390625, 3502.242919921875, 6953.67626953125, 8523.3203125, 1791.6517333984375, 10539.890625, 5568.81396484375, 4491.63525390625, 8087.98046875, 4401.7451171875, 7631.93994140625, 4677.97998046875, 5877.0166015625, 2627.633056640625, 4673.2109375, 4435.22607421875, 9397.49609375, 8681.337890625, 5416.30859375, 6624.08154296875, 7076.90625, 7736.97607421875, 8992.619140625, 10549.28515625, 1567.5362548828125, 6806.17724609375, 4499.40283203125, 8967.83203125, 10724.1640625, 9130.095703125, 3737.475830078125, 3932.295166015625, 5761.09521484375, 2082.6103515625, 5119.58642578125, 5765.03076171875, 9078.775390625, 9217.84375, 8618.7958984375, 6679.0673828125, 1327.8441162109375, 6557.30322265625, 3938.27587890625, 4559.05322265625, 10886.904296875, 7644.63232421875, 4861.673828125, 9766.4453125], [4554.16845703125, 7924.8017578125, 10167.9794921875, 8540.232421875, 5931.8681640625, 3917.8623046875, 10272.6103515625, 6791.0947265625, 8222.599609375, 13510.3232421875, 3675.096923828125, 12413.494140625, 9032.8896484375, 10771.2314453125, 4905.5830078125, 10747.4375, 4956.89404296875, 4403.13037109375, 5434.5654296875, 1133.3604736328125, 12046.830078125, 12701.63671875, 5179.91748046875, 0.0, 9150.474609375, 4092.876953125, 5539.43115234375, 3989.688720703125, 8518.216796875, 12629.5146484375, 7737.86181640625, 1057.1304931640625, 1019.580810546875, 13381.763671875, 6096.05078125, 6251.46142578125, 1595.23828125, 1154.9913330078125, 8327.44921875, 5409.828125, 9726.953125, 12543.0234375, 4778.126953125, 4955.5888671875, 5955.83154296875, 1774.1343994140625, 12417.248046875, 6932.85986328125, 5404.572265625, 10606.4833984375, 6916.4375, 8465.1171875, 4936.70849609375, 2454.400146484375, 7408.23876953125, 3006.816650390625, 2585.38134765625, 7137.05859375, 9511.646484375, 13663.8037109375, 3534.03173828125, 8239.2333984375, 2804.57568359375, 4171.41552734375, 3929.942626953125, 6585.89697265625, 5369.3798828125, 6362.17431640625, 8538.26171875, 6780.7646484375, 4143.1923828125, 5572.85205078125, 3950.180419921875, 8802.427734375, 8681.1806640625, 9298.220703125, 4648.45166015625, 6696.04150390625, 4392.25732421875, 3959.69140625, 13290.333984375, 7586.08544921875, 9537.9033203125, 5644.91748046875, 6489.3720703125, 3975.608642578125, 1730.8463134765625, 7557.5888671875, 7604.01123046875, 4020.859619140625, 4635.62890625], [4630.09326171875, 7969.38623046875, 7051.28466796875, 3768.0341796875, 11178.56640625, 10840.111328125, 8037.10302734375, 2433.772705078125, 10019.0595703125, 4404.724609375, 7308.52001953125, 4311.30419921875, 7568.45361328125, 9466.2705078125, 8906.62890625, 9528.0185546875, 11979.2490234375, 4927.154296875, 7790.78759765625, 9955.880859375, 3336.779541015625, 4005.138427734375, 6241.197265625, 9150.474609375, 0.0, 5075.69873046875, 4471.61181640625, 7321.0380859375, 1167.915283203125, 3569.32275390625, 11371.79296875, 10