{"speed": [30, 30, 15, 30, 10, 30, 10, 30, 15, 10], "targets": [[0, 0, 0, 0], [-4766, 3510, 11, 15], [2570, 4597, 13, 16], [4099, 2743, 15, 12], [-1387, 4414, 11, 18], [1188, -2792, 11, 14], [-2619, 2578, 15, 19], [1216, 483, 10, 20], [-1929, 4964, 14, 16], [-4156, 1948, 13, 11], [-2458, -3654, 10, 25], [2931, -4160, 11, 23], [3756, 867, 13, 19], [-2510, 2606, 13, 17], [4194, 4222, 12, 20], [2932, -2287, 11, 11], [-630, 3554, 13, 25], [-1182, -3255, 11, 10], [2441, 4126, 13, 15], [-4334, -1487, 11, 12], [2601, -3499, 14, 16], [-2955, 1884, 15, 24], [3350, 545, 15, 15], [-3142, 3342, 13, 20], [3831, -3548, 10, 11], [-2177, 4043, 13, 18], [842, 1067, 14, 15], [-3149, -1464, 15, 17], [-4978, -1785, 14, 16], [-4876, -1974, 11, 11], [-3352, 3825, 11, 25], [-1078, 2155, 13, 16], [-3532, 4007, 10, 16], [-3473, 1137, 15, 10], [-3763, -2403, 15, 12], [2603, 3365, 15, 22], [1659, -946, 13, 19], [-4080, -3384, 11, 16], [-2273, -4828, 14, 16], [1171, 4315, 10, 24], [1450, 674, 14, 21], [4144, -1213, 10, 10], [-1079, -4771, 15, 15], [4625, -1802, 15, 24], [-3679, 1231, 15, 23], [4366, -2318, 13, 20], [-2446, -2680, 12, 21], [1713, 4754, 14, 18], [142, -2257, 13, 19], [1073, 4473, 13, 10], [-2597, -1156, 14, 22], [-42, -1830, 14, 12], [-707, 2818, 12, 17], [4956, 604, 10, 11], [3186, -1864, 14, 14], [1680, 3807, 10, 20], [3652, -3079, 13, 25], [-2665, -19, 12, 22], [-4070, -1237, 10, 19], [-777, 3016, 14, 24], [-4867, 2692, 10, 21]], "tasks": [[1, 2, 3, 4, 5, 6, 7, 8, 9, 10, 11, 12, 13, 14, 15, 16, 17, 18, 19, 20, 21, 22, 23, 24, 25, 26, 27, 28, 29, 30, 31, 32, 33, 34, 35, 36, 37, 38, 39, 40, 41, 42, 43, 44, 45, 46, 47, 48, 49, 50, 51, 52, 53, 54, 55, 56, 57, 58, 59, 60], [], [], [], [], [], [], [], [], []], "map": [[0.0, 5919.02490234375, 5266.6220703125, 4932.12451171875, 4626.78759765625, 3034.2392578125, 3674.9482421875, 1308.4132080078125, 5325.63037109375, 4589.884765625, 4403.802734375, 5088.8466796875, 3854.7666015625, 3618.195068359375, 5951.04345703125, 3718.466552734375, 3609.406494140625, 3462.96826171875, 4793.99169921875, 4582.0, 4359.83984375, 3504.494384765625, 3394.04248046875, 4587.06103515625, 5221.57666015625, 4591.85986328125, 1359.21044921875, 3472.6787109375, 5288.35595703125, 5260.42333984375, 5085.91455078125, 2409.5869140625, 5341.44873046875, 3654.380615234375, 4464.8154296875, 4254.2724609375, 1909.7635498046875, 5300.7412109375, 5336.30126953125, 4471.06982421875, 1598.9921875, 4317.8818359375, 4891.49072265625, 4963.65087890625, 3879.48486328125, 4943.18505859375, 3628.404052734375, 5053.20556640625, 2261.462646484375, 4599.8974609375, 2842.6650390625, 1830.48193359375, 2905.335205078125, 4992.669921875, 3691.21826171875, 4161.20751953125, 4776.75048828125, 2665.067626953125, 4253.830078125, 3114.47998046875, 5561.8837890625], [5919.02490234375, 0.0, 7416.09521484375, 8898.1181640625, 3497.8359375, 8669.7939453125, 2340.5625, 6704.25634765625, 3187.896728515625, 1676.88525390625, 7526.603515625, 10866.126953125, 8922.439453125, 2430.381103515625, 8988.2451171875, 9636.6181640625, 4136.23388671875, 7655.7353515625, 7233.27783203125, 5015.638671875, 10168.5185546875, 2433.843994140625, 8640.6416015625, 1632.66650390625, 11123.119140625, 2643.29541015625, 6117.01806640625, 5230.23583984375, 5299.2421875, 5485.10302734375, 1448.6617431640625, 3929.041748046875, 1330.3251953125, 2702.40234375, 5997.46435546875, 7370.42626953125, 7818.9873046875, 6928.046875, 8702.7177734375, 5991.32666015625, 6832.39013671875, 10084.3857421875, 9064.7080078125, 10789.2646484375, 2524.95751953125, 10833.236328125, 6610.48388671875, 6597.34619140625, 7572.763671875, 5917.87890625, 5145.49462890625, 7129.640625, 4117.5654296875, 10147.025390625, 9597.61328125, 6452.83837890625, 10690.072265625, 4107.072265625, 4797.751953125, 4019.47216796875, 824.2117309570312], [5266.6220703125, 7416.09521484375, 0.0, 2403.155517578125, 3961.229248046875, 7517.1298828125, 5567.951171875, 4331.0869140625, 4513.94384765625, 7228.85009765625, 9662.287109375, 8764.4375, 3914.0126953125, 5456.2333984375, 1666.733642578125, 6893.51123046875, 3365.68701171875, 8702.3798828125, 488.34619140625, 9202.1884765625, 8096.0595703125, 6155.16015625, 4126.39111328125, 5848.2451171875, 8242.03515625, 4779.21826171875, 3930.25244140625, 8333.2275390625, 9884.443359375, 9930.80859375, 5972.107421875, 4389.9052734375, 6130.45703125, 6963.4365234375, 9439.64453125, 1232.44189453125, 5617.36328125, 10388.400390625, 10596.474609375, 1427.1387939453125, 4079.74609375, 6019.43310546875, 10053.587890625, 6720.8798828125, 7097.8837890625, 7144.42724609375, 8838.2685546875, 871.2623291015625, 7271.34765625, 1502.1268310546875, 7732.71630859375, 6937.49755859375, 3728.7490234375, 4651.5634765625, 6490.298828125, 1190.0419921875, 7751.8837890625, 6979.447265625, 8838.84375, 3701.6171875, 7677.1083984375], [4932.12451171875, 8898.1181640625, 2403.155517578125, 0.0, 5734.84423828125, 6253.810546875, 6720.02587890625, 3663.23486328125, 6424.14404296875, 8293.193359375, 9160.5595703125, 7001.11669921875, 1907.0986328125, 6610.419921875, 1482.0478515625, 5163.6025390625, 4798.037109375, 7991.5556640625, 2159.086181640625, 9434.42578125, 6419.234375, 7106.10986328125, 2322.1123046875, 7265.7333984375, 6296.7060546875, 6409.22607421875, 3662.92578125, 8380.474609375, 10143.703125, 10139.068359375, 7529.15185546875, 5210.28515625, 7734.97607421875, 7740.4404296875, 9396.4013671875, 1620.154296875, 4422.93115234375, 10219.4013671875, 9895.576171875, 3323.306884765625, 3361.244140625, 3956.255859375, 9125.3427734375, 4575.3359375, 7923.599609375, 5068.0380859375, 8499.76171875, 3120.435302734375, 6376.3505859375, 3485.624267578125, 7748.458984375, 6169.2958984375, 4806.5849609375, 2304.293701171875, 4696.59619140625, 2642.660888671875, 5839.134765625, 7306.18505859375, 9086.966796875, 4883.63623046875, 8966.1455078125], [4626.78759765625, 3497.8359375, 3961.229248046875, 5734.84423828125, 0.0, 7652.2587890625, 2211.044921875, 4714.697265625, 772.1813354492188, 3707.899169921875, 8138.775390625, 9599.9267578125, 6247.5322265625, 2128.3779296875, 5584.3017578125, 7972.2744140625, 1145.708984375, 7671.7392578125, 3838.818603515625, 6595.9541015625, 8861.134765625, 2976.495361328125, 6116.23486328125, 2056.504150390625, 9519.5048828125, 872.7777709960938, 4021.299560546875, 6136.41015625, 7163.9990234375, 7278.71337890625, 2051.376708984375, 2280.03564453125, 2183.271484375, 3884.60107421875, 7219.201171875, 4125.5908203125, 6165.0400390625, 8249.912109375, 9284.3720703125, 2559.9150390625, 4694.27001953125, 7890.189453125, 9190.1630859375, 8647.705078125, 3922.34033203125, 8855.328125, 7172.60888671875, 3118.58935546875, 6843.9814453125, 2460.70751953125, 5699.912109375, 6387.21875, 1734.824462890625, 7399.30712890625, 7766.95654296875, 3126.48974609375, 9029.759765625, 4613.54248046875, 6255.58056640625, 1525.2882080078125, 3882.74169921875], [3034.2392578125, 8669.7939453125, 7517.1298828125, 6253.810546875, 7652.2587890625, 0.0, 6582.56396484375, 3275.11962890625, 8358.9013671875, 7143.244140625, 3746.512939453125, 2215.733154296875, 4470.22412109375, 6543.2109375, 7631.0048828125, 1815.6434326171875, 6601.275390625, 2414.802001953125, 7030.55712890625, 5674.10888671875, 1580.0057373046875, 6247.353515625, 3976.155517578125, 7508.3193359375, 2748.9970703125, 7618.42822265625, 3874.480224609375, 4535.763671875, 6247.68798828125, 6118.92333984375, 8024.72998046875, 5441.283203125, 8276.7626953125, 6096.06103515625, 4966.25830078125, 6317.50537109375, 1905.1396484375, 5301.1591796875, 4015.447265625, 7107.0205078125, 3475.888427734375, 3351.294921875, 3009.27392578125, 3576.739990234375, 6314.4453125, 3213.154296875, 3635.7255859375, 7564.24072265625, 1174.879150390625, 7265.91015625, 4123.435546875, 1561.519775390625, 5921.41259765625, 5072.53759765625, 2202.9951171875, 6617.3154296875, 2480.658203125, 4747.119140625, 5483.11865234375, 6131.40185546875, 8169.2890625], [3674.9482421875, 2340.5625, 5567.951171875, 6720.02587890625, 2211.044921875, 6582.56396484375, 0.0, 4369.92578125, 2483.7666015625, 1661.104736328125, 6234.0791015625, 8729.44140625, 6600.6171875, 112.53887939453125, 7008.544921875, 7381.1806640625, 2215.557861328125, 6007.400390625, 5291.49365234375, 4411.966796875, 8011.1376953125, 771.0590209960938, 6305.7158203125, 925.8644409179688, 8895.525390625, 1530.22509765625, 3776.458984375, 4076.599609375, 4959.904296875, 5080.822265625, 1446.477783203125, 1598.0018310546875, 1695.7623291015625, 1675.0513916015625, 5110.6845703125, 5280.970703125, 5542.5498046875, 6138.40087890625, 7414.078125, 4169.0849609375, 4492.435546875, 7753.05419921875, 7508.62158203125, 8465.21875, 1714.0621337890625, 8530.0078125, 5260.84521484375, 4847.8037109375, 5567.79541015625, 4149.92626953125, 3734.064697265625, 5106.01513671875, 1927.00390625, 7827.98193359375, 7309.541015625, 4471.2236328125, 8445.537109375, 2597.407470703125, 4081.62060546875, 1893.35888671875, 2250.888671875], [1308.4132080078125, 6704.25634765625, 4331.0869140625, 3663.23486328125, 4714.697265625, 3275.11962890625, 4369.92578125, 0.0, 5474.521484375, 5568.17822265625, 5532.90576171875, 4949.61328125, 2568.86279296875, 4288.38037109375, 4780.021484375, 3258.459228515625, 3583.12109375, 4441.06396484375, 3843.445556640625, 5889.26123046875, 4215.9873046875, 4400.0048828125, 2134.900390625, 5212.10546875, 4804.91259765625, 4917.93115234375, 693.4926147460938, 4779.54345703125, 6596.169921875, 6568.8134765625, 5659.9990234375, 2838.665283203125, 5912.8740234375, 4734.388671875, 5754.94873046875, 3198.38916015625, 1496.091552734375, 6557.5380859375, 6354.513671875, 3832.26416015625, 302.05462646484375, 3383.725830078125, 5733.37060546875, 4103.96240234375, 4951.82080078125, 4215.22265625, 4838.8857421875, 4299.81982421875, 2942.970703125, 3992.561767578125, 4150.3359375, 2632.970458984375, 3024.922119140625, 3741.956787109375, 3064.197998046875, 3356.228759765625, 4315.314453125, 3913.331787109375, 5558.79443359375, 3223.0634765625, 6471.67431640625], [5325.63037109375, 3187.896728515625, 4513.94384765625, 6424.14404296875, 772.1813354492188, 8358.9013671875, 2483.7666015625, 5474.521484375, 0.0, 3749.1044921875, 8634.220703125, 10337.6484375, 7007.4697265625, 2428.523193359375, 6167.794921875, 8729.623046875, 1917.15966796875, 8252.876953125, 4449.623046875, 6884.72412109375, 9599.12890625, 3246.394287109375, 6884.431640625, 2025.4019775390625, 10277.73046875, 953.8055419921875, 4781.7412109375, 6542.75048828125, 7405.76806640625, 7537.94775390625, 1822.7039794921875, 2935.077880859375, 1866.9381103515625, 4126.7255859375, 7591.85400390625, 4805.8115234375, 6913.8876953125, 8620.6669921875, 9798.041015625, 3167.20703125, 5460.9287109375, 8662.3701171875, 9772.0380859375, 9419.85546875, 4122.83740234375, 9625.7236328125, 7661.4638671875, 3648.04931640625, 7512.11572265625, 3041.888427734375, 6156.34814453125, 7051.1845703125, 2469.534423828125, 8149.40625, 8531.4013671875, 3789.9248046875, 9789.658203125, 5037.06103515625, 6560.20458984375, 2263.14111328125, 3714.00439453125], [4589.884765625, 1676.88525390625, 7228.85009765625, 8293.193359375, 3707.899169921875, 7143.244140625, 1661.104736328125, 5568.17822265625, 3749.1044921875, 0.0, 5853.68310546875, 9355.919921875, 7985.505859375, 1772.647705078125, 8654.107421875, 8256.8134765625, 3874.520751953125, 5992.986328125, 6947.236328125, 3439.60888671875, 8679.1044921875, 1202.7039794921875, 7635.99658203125, 1723.7841796875, 9695.265625, 2881.920654296875, 5075.05322265625, 3557.498046875, 3822.43017578125, 3987.541015625, 2041.9464111328125, 3084.95263671875, 2151.477783203125, 1060.2877197265625, 4368.71240234375, 6905.9375, 6495.34130859375, 5332.54150390625, 7032.77099609375, 5829.2041015625, 5748.93994140625, 8881.5498046875, 7390.05322265625, 9548.2177734375, 861.1724853515625, 9530.123046875, 4933.81005859375, 6505.2900390625, 6012.888671875, 5806.72607421875, 3473.513671875, 5585.5419921875, 3557.035400390625, 9210.5849609375, 8272.6240234375, 6124.9306640625, 9286.3125, 2468.232177734375, 3186.160888671875, 3543.76416015625, 1029.10498046875], [4403.802734375, 7526.603515625, 9662.287109375, 9160.5595703125, 8138.775390625, 3746.512939453125, 6234.0791015625, 5532.90576171875, 8634.220703125, 5853.68310546875, 0.0, 5412.703125, 7684.6103515625, 6260.2158203125, 10309.2421875, 5560.646484375, 7436.18505859375, 1336.92822265625, 9193.943359375, 2866.228271484375, 5061.3740234375, 5560.25634765625, 7166.90087890625, 7029.35791015625, 6289.89306640625, 7702.12744140625, 5760.02099609375, 2296.427978515625, 3137.445068359375, 2944.337646484375, 7532.24267578125, 5970.66845703125, 7735.916015625, 4897.33642578125, 1807.7681884765625, 8653.328125, 4927.7734375, 1644.3187255859375, 1188.48681640625, 8756.4033203125, 5831.298828125, 7038.81298828125, 1774.6351318359375, 7321.11962890625, 5035.2822265625, 6953.55126953125, 974.0739135742188, 9385.7177734375, 2951.54345703125, 8860.9306640625, 2501.8642578125, 3027.21533203125, 6704.68359375, 8549.734375, 5921.05029296875, 8531.6796875, 6136.99658203125, 3640.88916015625, 2905.242431640625, 6878.5654296875, 6787.8564453125], [5088.8466796875, 10866.126953125, 8764.4375, 7001.11669921875, 9599.9267578125, 2215.733154296875, 8729.44140625, 4949.61328125, 10337.6484375, 9355.919921875, 5412.703125, 0.0, 5094.2470703125, 8682.3515625, 8476.6201171875, 1873.000244140625, 8496.2646484375, 4211.388671875, 8300.4755859375, 7741.1337890625, 738.7969970703125, 8436.5234375, 4723.6201171875, 9652.01171875, 1088.3675537109375, 9663.3779296875, 5628.98291015625, 6650.92578125, 8257.8994140625, 8107.27099609375, 10160.52734375, 7480.060546875, 10414.9052734375, 8310.8017578125, 6920.7431640625, 7532.14501953125, 3456.55615234375, 7053.814453125, 5246.6982421875, 8655.8203125, 5055.78076171875, 3186.8759765625, 4056.28173828125, 2903.411865234375, 8529.6533203125, 2334.9921875, 5576.96435546875, 8996.828125, 3376.378173828125, 8830.6767578125, 6291.486328125, 3777.25146484375, 7869.40478515625, 5176.51611328125, 2310.1171875, 8064.61962890625, 1299.38525390625, 6961.5439453125, 7586.6943359375, 8077.390625, 10380.689453125], [3854.7666015625, 8922.439453125, 3914.0126953125, 1907.0986328125, 6247.5322265625, 4470.22412109375, 6600.6171875, 2568.86279296875, 7007.4697265625, 7985.505859375, 7684.6103515625, 5094.2470703125, 0.0, 6502.8359375, 3383.469970703125, 3259.86083984375, 5143.63330078125, 6432.31884765625, 3514.30029296875, 8425.521484375, 4516.19091796875, 6787.62158203125, 518.1891479492188, 7328.576171875, 4415.63720703125, 6729.59619140625, 2920.85546875, 7287.83837890625, 9127.751953125, 9087.5029296875, 7698.923828125, 5002.6494140625, 7935.650390625, 7234.04052734375, 8199.2841796875, 2751.256591796875, 2772.071044921875, 8914.8134765625, 8293.4833984375, 4309.39990234375, 2314.0625, 2115.87890625, 7427.26513671875, 2806.906005859375, 7443.90478515625, 3242.888427734375, 7144.6494140625, 4391.19775390625, 4777.0673828125, 4494.6328125, 6667.31884765625, 4658.17724609375, 4870.80810546875, 1228.482421875, 2789.849609375, 3599.079833984375, 3947.370361328125, 6481.8388671875, 8103.8935546875, 5016.6015625, 8814.0087890625], [3618.195068359375, 2430.381103515625, 5456.2333984375, 6610.419921875, 2128.3779296875, 6543.2109375, 112.53887939453125, 4288.38037109375, 2428.523193359375, 1772.647705078125, 6260.2158203125, 8682.3515625, 6502.8359375, 0.0, 6896.0185546875, 7318.251953125, 2105.49365234375, 6009.56787109375, 5179.0732421875, 4481.029296875, 7961.99365234375, 848.120849609375, 6211.869140625, 970.1134033203125, 8836.2890625, 1475.0789794921875, 3688.417724609375, 4119.85693359375, 5037.05322265625, 5155.0322265625, 1481.5279541015625, 1501.341064453125, 1734.152587890625, 1756.5107421875, 5163.3408203125, 5169.02783203125, 5476.97607421875, 6192.333984375, 7437.77685546875, 4058.379150390625, 4406.15771484375, 7672.05810546875, 7514.51171875, 8386.81640625, 1804.767578125, 8457.2548828125, 5286.38720703125, 4737.89306640625, 5539.1220703125, 4040.244873046875, 3763.005859375, 5076.32958984375, 1815.4208984375, 7729.75830078125, 7240.53271484375, 4358.72705078125, 8383.8818359375, 2629.572265625, 4147.5595703125, 1780.83935546875, 2358.568359375], [5951.04345703125, 8988.2451171875, 1666.733642578125, 1482.0478515625, 5584.3017578125, 7631.0048828125, 7008.544921875, 4780.021484375, 6167.794921875, 8654.107421875, 10309.2421875, 8476.6201171875, 3383.469970703125, 6896.0185546875, 0.0, 6630.212890625, 4870.03076171875, 9209.06640625, 1755.626708984375, 10262.52734375, 7883.62158203125, 7521.5986328125, 3772.620361328125, 7388.59228515625, 7778.474609375, 6373.51416015625, 4603.251953125, 9287.1005859375, 10964.015625, 10984.3212890625, 7556.43603515625, 5662.7265625, 7728.99072265625, 8264.388671875, 10353.958984375, 1807.133056640625, 5756.2529296875, 11238.7861328125, 11123.1552734375, 3024.43017578125, 4485.29150390625, 5435.22998046875, 10424.9013671875, 6039.39892578125, 8422.0078125, 6542.26123046875, 9577.431640625, 2537.397216796875, 7641.73681640625, 3131.076904296875, 8662.595703125, 7387.17822265625, 5098.138671875, 3697.373046875, 6168.91064453125, 2548.02294921875, 7321.09033203125, 8064.23974609375, 9904.2607421875, 5115.20068359375, 9189.2666015625], [3718.466552734375, 9636.6181640625, 6893.51123046875, 5163.6025390625, 7972.2744140625, 1815.6434326171875, 7381.1806640625, 3258.459228515625, 8729.623046875, 8256.8134765625, 5560.646484375, 1873.000244140625, 3259.86083984375, 7318.251953125, 6630.212890625, 0.0, 6841.42724609375, 4226.34814453125, 6431.76904296875, 7309.908203125, 1256.3857421875, 7214.8466796875, 2862.681884765625, 8281.2509765625, 1548.651611328125, 8134.54248046875, 3951.8876953125, 6136.439453125, 7925.91357421875, 7814.27099609375, 8766.1396484375, 5984.26806640625, 9022.0693359375, 7262.76806640625, 6696.0048828125, 5661.5673828125, 1849.00244140625, 7097.2919921875, 5792.12451171875, 6832.8271484375, 3311.169677734375, 1619.3887939453125, 4717.87841796875, 1761.1002197265625, 7488.76806640625, 1434.3350830078125, 5392.34033203125, 7145.7431640625, 2790.161376953125, 7010.95458984375, 5643.4921875, 3008.90771484375, 6269.23828125, 3529.087158203125, 493.4014587402344, 6221.28125, 1070.35693359375, 6039.05908203125, 7080.2900390625, 6471.359375, 9252.8291015625], [3609.406494140625, 4136.23388671875, 3365.68701171875, 4798.037109375, 1145.708984375, 6601.275390625, 2215.557861328125, 3583.12109375, 1917.15966796875, 3874.520751953125, 7436.18505859375, 8496.2646484375, 5143.63330078125, 2105.49365234375, 4870.03076171875, 6841.42724609375, 0.0, 6831.33837890625, 3123.815673828125, 6255.50146484375, 7757.845703125, 2862.608154296875, 4989.43701171875, 2520.929931640625, 8386.830078125, 1622.4456787109375, 2889.974609375, 5614.77392578125, 6885.49365234375, 6970.458984375, 2735.45703125, 1468.98095703125, 2937.143798828125, 3731.559814453125, 6730.6416015625, 3238.519775390625, 5048.71484375, 7748.44140625, 8541.5087890625, 1955.17822265625, 3552.576416015625, 6746.5078125, 8337.099609375, 7503.44970703125, 3833.109619140625, 7709.76025390625, 6493.1201171875, 2632.422607421875, 5862.05615234375, 1935.140869140625, 5104.232421875, 5416.01318359375, 740.0169067382812, 6317.111328125, 6626.95849609375, 2323.8134765625, 7895.0751953125, 4111.87939453125, 5898.07421875, 557.7212524414062, 4323.7958984375], [3462.96826171875, 7655.7353515625, 8702.3798828125, 7991.5556640625, 7671.7392578125, 2414.802001953125, 6007.400390625, 4441.06396484375, 8252.876953125, 5992.986328125, 1336.92822265625, 4211.388671875, 6432.31884765625, 6009.56787109375, 9209.06640625, 4226.34814453125, 6831.33837890625, 0.0, 8222.2431640625, 3613.990478515625, 3790.86083984375, 5436.25341796875, 5914.306640625, 6882.00634765625, 5021.55517578125, 7365.51611328125, 4772.4482421875, 2660.219970703125, 4070.68994140625, 3909.807861328125, 7405.0859375, 5410.99951171875, 7632.767578125, 4953.619140625, 2717.9892578125, 7625.65576171875, 3660.978271484375, 2900.86962890625, 1914.317138671875, 7927.263671875, 4729.1083984375, 5704.037109375, 1519.4949951171875, 5986.02197265625, 5134.12158203125, 5626.568359375, 1388.6400146484375, 8516.1669921875, 1658.0048828125, 8050.2802734375, 2531.407958984375, 1824.890380859375, 6091.5478515625, 7250.30517578125, 4584.13623046875, 7619.90087890625, 4837.203125, 3559.6328125, 3523.18994140625, 6284.064453125, 6996.14404296875], [4793.99169921875, 7233.27783203125, 488.34619140625, 2159.086181640625, 3838.818603515625, 7030.55712890625, 5291.49365234375, 3843.445556640625, 4449.623046875, 6947.236328125, 9193.943359375, 8300.4755859375, 3514.30029296875, 5179.0732421875, 1755.626708984375, 6431.76904296875, 3123.815673828125, 8222.2431640625, 0.0, 8798.0908203125, 7626.6787109375, 5843.23388671875, 3694.5693359375, 5637.7783203125, 7798.8701171875, 4618.74560546875, 3451.70703125, 7905.45361328125, 9485.857421875, 9526.2001953125, 5800.814453125, 4033.385986328125, 5974.18505859375, 6626.42578125, 9006.5234375, 778.0520629882812, 5131.93017578125, 9946.03125, 10119.0869140625, 1283.986328125, 3591.43212890625, 5604.02783203125, 9568.0205078125, 6317.5185546875, 6770.1865234375, 6725.3818359375, 8378.806640625, 961.4406127929688, 6784.400390625, 1411.3231201171875, 7299.38134765625, 6452.84619140625, 3408.9248046875, 4327.783203125, 6036.1513671875, 825.15576171875, 7306.0625, 6576.64501953125, 8435.3359375, 3404.059814453125, 7447.36328125], [4582.0, 5015.638671875, 9202.1884765625, 9434.42578125, 6595.9541015625, 5674.10888671875, 4411.966796875, 5889.26123046875, 6884.72412109375, 3439.60888671875, 2866.228271484375, 7741.1337890625, 8425.521484375, 4481.029296875, 10262.52734375, 7309.908203125, 6255.50146484375, 3613.990478515625, 8798.0908203125, 0.0, 7220.96728515625, 3642.153564453125, 7948.13671875, 4973.9423828125, 8421.1015625, 5935.78564453125, 5771.81884765625, 1185.22314453125, 709.6055297851562, 728.6514892578125, 5402.005859375, 4885.25341796875, 5552.228515625, 2761.6474609375, 1079.3966064453125, 8465.4521484375, 6017.369140625, 1913.92919921875, 3925.5576171875, 7998.01416015625, 6174.51025390625, 8482.4267578125, 4623.81689453125, 8964.5361328125, 2795.80908203125, 8739.59765625, 2233.336669921875, 8690.0107421875, 4541.748046875, 8047.18896484375, 1768.2562255859375, 4305.68359375, 5629.22314453125, 9522.4150390625, 7529.4443359375, 8012.1552734375, 8143.1357421875, 2222.74267578125, 363.5876770019531, 5738.40185546875, 4212.85302734375], [4359.83984375, 10168.5185546875, 8096.0595703125, 6419.234375, 8861.134765625, 1580.0057373046875, 8011.1376953125, 4215.9873046875, 9599.12890625, 8679.1044921875, 5061.3740234375, 738.7969970703125, 4516.19091796875, 7961.99365234375, 7883.62158203125, 1256.3857421875, 7757.845703125, 3790.86083984375, 7626.6787109375, 7220.96728515625, 0.0, 7736.00830078125, 4112.77734375, 8932.0390625, 1230.9755859375, 8928.1044921875, 4893.10107421875, 6099.48583984375, 7770.39501953125, 7630.93408203125, 9438.1767578125, 6745.5732421875, 9692.97265625, 7641.0712890625, 6457.68603515625, 6864.00048828125, 2721.244873046875, 6681.98974609375, 5051.94189453125, 7943.77099609375, 4328.82568359375, 2758.0146484375, 3893.6337890625, 2641.28466796875, 7862.01611328125, 2123.6728515625, 5113.01953125, 8300.6357421875, 2754.8583984375, 8117.11572265625, 5701.6533203125, 3125.861572265625, 7130.73291015625, 4730.8173828125, 1736.505126953125, 7363.822265625, 1131.8131103515625, 6311.9853515625, 7044.0673828125, 7338.67236328125, 9700.490234375], [3504.494384765625, 2433.843994140625, 6155.16015625, 7106.10986328125, 2976.495361328125, 6247.353515625, 771.0590209960938, 4400.0048828125, 3246.394287109375, 1202.7039794921875, 5560.25634765625, 8436.5234375, 6787.62158203125, 848.120849609375, 7521.5986328125, 7214.8466796875, 2862.608154296875, 5436.25341796875, 5843.23388671875, 3642.153564453125, 7736.00830078125, 0.0, 6445.6142578125, 1469.9432373046875, 8692.3193359375, 2294.899658203125, 3883.90234375, 3353.615966796875, 4189.76025390625, 4309.80322265625, 1981.1839599609375, 1896.4625244140625, 2200.01318359375, 909.0286254882812, 4362.47998046875, 5751.93212890625, 5412.7529296875, 5386.78466796875, 6746.5595703125, 4788.90771484375, 4568.1640625, 7745.14111328125, 6914.36181640625, 8428.701171875, 974.9794921875, 8441.19921875, 4592.29541015625, 5479.701171875, 5171.0048828125, 4788.2880859375, 3061.007080078125, 4720.10205078125, 2434.308837890625, 8013.8828125, 7194.3994140625, 5018.08251953125, 8263.40234375, 1924.9698486328125, 3314.191650390625, 2454.609619140625, 2075.71875], [3394.04248046875, 8640.6416015625, 4126.39111328125, 2322.1123046875, 6116.23486328125, 3976.155517578125, 6305.7158203125, 2134.900390625, 6884.431640625, 7635.99658203125, 7166.90087890625, 4723.6201171875, 518.1891479492188, 6211.869140625, 3772.620361328125, 2862.681884765625, 4989.43701171875, 5914.306640625, 3694.5693359375, 7948.13671875, 4112.77734375, 6445.6142578125, 0.0, 7068.89453125, 4121.166015625, 6540.927734375, 2561.7470703125, 6802.43212890625, 8647.802734375, 8603.0478515625, 7461.58203125, 4711.61181640625, 7703.72412109375, 6848.63427734375, 7699.7060546875, 2917.260498046875, 2254.453857421875, 8404.8759765625, 7777.35546875, 4354.41650390625, 1904.3741455078125, 1928.9893798828125, 6919.2412109375, 2670.961181640625, 7062.39599609375, 3037.93115234375, 6632.8154296875, 4516.13232421875, 4259.3974609375, 4540.2548828125, 6185.48388671875, 4140.8076171875, 4650.3525390625, 1607.0833740234375, 2414.575927734375, 3664.63427734375, 3636.5615234375, 6041.3837890625, 7630.984375, 4810.1943359375, 8492.861328125], [4587.06103515625, 1632.66650390625, 5848.2451171875, 7265.7333984375, 2056.504150390625, 7508.3193359375, 925.8644409179688, 5212.10546875, 2025.4019775390625, 1723.7841796875, 7029.35791015625, 9652.01171875, 7328.576171875, 970.1134033203125, 7388.59228515625, 8281.2509765625, 2520.929931640625, 6882.00634765625, 5637.7783203125, 4973.9423828125, 8932.0390625, 1469.9432373046875, 7068.89453125, 0.0, 9802.796875, 1192.7388916015625, 4587.796875, 4806.0048828125, 5445.826171875, 5591.65576171875, 526.6773071289062, 2380.979736328125, 770.9247436523438, 2229.705322265625, 5778.4658203125, 5745.0458984375, 6437.12255859375, 6791.09130859375, 8216.0859375, 4421.39111328125, 5310.80859375, 8592.6611328125, 8371.1845703125, 9315.955078125, 2178.23095703125, 9402.4287109375, 6062.0869140625, 5056.16162109375, 6491.02880859375, 4364.10205078125, 4530.89697265625, 6029.89111328125, 2490.7431640625, 8548.34765625, 8194.267578125, 4844.36865234375, 9348.1376953125, 3394.6796875, 4672.08984375, 2387.36279296875, 1843.400390625], [5221.57666015625, 11123.119140625, 8242.03515625, 6296.7060546875, 9519.5048828125, 2748.9970703125, 8895.525390625, 4804.91259765625, 10277.73046875, 9695.265625, 6289.89306640625, 1088.3675537109375, 4415.63720703125, 8836.2890625, 7778.474609375, 1548.651611328125, 8386.830078125, 5021.55517578125, 7798.8701171875, 8421.1015625, 1230.9755859375, 8692.3193359375, 4121.166015625, 9802.796875, 0.0, 9680.875, 5498.39501953125, 7284.466796875, 8983.6884765625, 8848.1259765625, 10293.5234375, 7524.79150390625, 10549.4921875, 8677.4208984375, 7679.83447265625, 7021.2216796875, 3389.3935546875, 7912.69970703125, 6236.76318359375, 8300.7451171875, 4847.10693359375, 2355.885009765625, 5060.0224609375, 1918.0594482421875, 8901.6259765625, 1341.314697265625, 6336.73046875, 8567.9130859375, 3908.3759765625, 8481.921875, 6858.63330078125, 4236.93896484375, 7817.8896484375, 4301.71240234375, 1803.2972412109375, 7663.08203125, 501.9980163574219, 7392.689453125, 8232.0419921875, 8019.9599609375, 10704.802734375], [4591.85986328125, 2643.29541015625, 4779.21826171875, 6409.22607421875, 872.7777709960938, 7618.42822265625, 1530.22509765625, 4917.93115234375, 953.8055419921875, 2881.920654296875, 7702.12744140625, 9663.3779296875, 6729.59619140625, 1475.0789794921875, 6373.51416015625, 8134.54248046875, 1622.4456787109375, 7365.51611328125, 4618.74560546875, 5935.78564453125, 8928.1044921875, 2294.899658203125, 6540.927734375, 1192.7388916015625, 9680.875, 0.0, 4239.21435546875, 5592.12255859375, 6466.15673828125, 6594.61083984375, 1195.0518798828125, 2184.56982421875, 1355.4781494140625, 3181.894287109375, 6638.24609375, 4827.8447265625, 6293.25146484375, 7666.9248046875, 8871.51953125, 3359.03076171875, 4950.28173828125, 8220.740234375, 8882.1279296875, 8968.345703125, 3188.000732421875, 9125.4130859375, 6728.37939453125, 3954.443115234375, 6713.25244140625, 3278.32275390625, 5215.93701171875, 6249.0283203125, 1913.51123046875, 7918.73779296875, 7978.3720703125, 3864.21337890625, 9203.2666015625, 4091.208740234375, 5609.08642578125, 1736.2974853515625, 3010.199462890625], [1359.21044921875, 6117.01806640625, 3930.25244140625, 3662.92578125, 4021.299560546875, 3874.480224609375, 3776.458984375, 693.4926147460938, 4781.7412109375, 5075.05322265625, 5760.02099609375, 5628.98291015625, 2920.85546875, 3688.417724609375, 4603.251953125, 3951.8876953125, 2889.974609375, 4772.4482421875, 3451.70703125, 5771.81884765625, 4893.10107421875, 3883.90234375, 2561.7470703125, 4587.796875, 5498.39501953125, 4239.21435546875, 0.0, 4725.890625, 6481.22705078125, 6476.357421875, 5019.58154296875, 2206.84033203125, 5270.24462890625, 4315.56787109375, 5766.0146484375, 2895.155517578125, 2172.477294921875, 6636.07470703125, 6667.40185546875, 3264.6201171875, 723.9564819335938, 4012.680419921875, 6145.9326171875, 4747.8681640625, 4523.9736328125, 4886.38916015625, 4985.0732421875, 3788.48388671875, 3396.90673828125, 3413.824462890625, 4094.9296875, 3028.871826171875, 2337.81982421875, 4139.9716796875, 3753.01171875, 2865.282470703125, 5008.5341796875, 3671.30029296875, 5425.51025390625, 2533.724853515625, 5935.76513671875], [3472.6787109375, 5230.23583984375, 8333.2275390625, 8380.474609375, 6136.41015625, 4535.763671875, 4076.599609375, 4779.54345703125, 6542.75048828125, 3557.498046875, 2296.427978515625, 6650.92578125, 7287.83837890625, 4119.85693359375, 9287.1005859375, 6136.439453125, 5614.77392578125, 2660.219970703125, 7905.45361328125, 1185.22314453125, 6099.48583984375, 3353.615966796875, 6802.43212890625, 4806.0048828125, 7284.466796875, 5592.12255859375, 4725.890625, 0.0, 1856.955078125, 1800.7301025390625, 5292.89453125, 4169.67626953125, 5484.3896484375, 2621.102294921875, 1121.925537109375, 7510.30908203125, 4835.8232421875, 2133.813720703125, 3476.1865234375, 7215.208984375, 5071.6708984375, 7297.31787109375, 3901.42919921875, 7781.34423828125, 2746.62060546875, 7563.3681640625, 1404.587158203125, 7893.19775390625, 3385.19287109375, 7285.13916015625, 632.1138916015625, 3128.48291015625, 4929.39013671875, 8364.6669921875, 6347.61572265625, 7148.61376953125, 6990.12353515625, 1523.9031982421875, 948.5620727539062, 5069.19970703125, 4497.0947265625], [5288.35595703125, 5299.2421875, 9884.443359375, 10143.703125, 7163.9990234375, 6247.68798828125, 4959.904296875, 6596.169921875, 7405.76806640625, 3822.43017578125, 3137.445068359375, 8257.8994140625, 9127.751953125, 5037.05322265625, 10964.015625, 7925.91357421875, 6885.49365234375, 4070.68994140625, 9485.857421875, 709.6055297851562, 7770.39501953125, 4189.76025390625, 8647.802734375, 5445.826171875, 8983.6884765625, 6466.15673828125, 6481.22705078125, 1856.955078125, 0.0, 214.76731872558594, 5840.88818359375, 5543.78955078125, 5969.77197265625, 3286.808349609375, 1363.139404296875, 9164.8271484375, 6689.81982421875, 1833.904296875, 4071.470703125, 8661.419921875, 6882.2861328125, 9139.916015625, 4911.04833984375, 9603.0146484375, 3283.847900390625, 9359.189453125, 2685.52587890625, 9355.6396484375, 5141.71044921875, 8705.0078125, 2462.681884765625, 4936.205078125, 6279.25537109375, 10217.224609375, 8164.38232421875, 8694.79296875, 8726.4736328125, 2910.107421875, 1060.55078125, 6379.49853515625, 4478.3759765625], [5260.42333984375, 5485.10302734375, 9930.80859375, 10139.068359375, 7278.71337890625, 6118.92333984375, 5080.822265625, 6568.8134765625, 7537.94775390625, 3987.541015625, 2944.337646484375, 8107.27099609375, 9087.5029296875, 5155.0322265625, 10984.3212890625, 7814.27099609375, 6970.458984375, 3909.807861328125, 9526.2001953125, 728.6514892578125, 7630.93408203125, 4309.80322265625, 8603.0478515625, 5591.65576171875, 8848.1259765625, 6594.61083984375, 6476.357421875, 1800.7301025390625, 214.76731872558594, 0.0, 5995.91357421875, 5610.1201171875, 6130.146484375, 3412.73046875, 1192.8160400390625, 9189.1435546875, 6615.36181640625, 1619.17138671875, 3862.76123046875, 8724.5478515625, 6857.85546875, 9052.044921875, 4715.974609375, 9502.556640625, 3421.23291015625, 9248.3994140625, 2530.4814453125, 9417.0537109375, 5025.9736328125, 8772.3662109375, 2421.35595703125, 4836.14453125, 6351.6787109375, 10164.3642578125, 8062.75048828125, 8740.7724609375, 8599.291015625, 2951.363525390625, 1092.1561279296875, 6457.70068359375, 4666.0087890625], [5085.91455078125, 1448.6617431640625, 5972.107421875, 7529.15185546875, 2051.376708984375, 8024.72998046875, 1446.477783203125, 5659.9990234375, 1822.7039794921875, 2041.9464111328125, 7532.24267578125, 10160.52734375, 7698.923828125, 1481.5279541015625, 7556.43603515625, 8766.1396484375, 2735.45703125, 7405.0859375, 5800.814453125, 5402.005859375, 9438.1767578125, 1981.1839599609375, 7461.58203125, 526.6773071289062, 10293.5234375, 1195.0518798828125, 5019.58154296875, 5292.89453125, 5840.88818359375, 5995.91357421875, 0.0, 2821.343017578125, 255.9765625, 2690.721923828125, 6241.546875, 5972.740234375, 6919.0, 7245.6650390625, 8720.0146484375, 4549.46484375, 5743.5185546875, 9031.6923828125, 8891.4423828125, 9761.94921875, 2614.529541015625, 9864.27734375, 6567.78955078125, 5149.49169921875, 7014.1826171875, 4472.1953125, 5037.89501953125, 6552.48974609375, 2830.20751953125, 8910.5390625, 8666.6123046875, 5032.0322265625, 9834.6953125, 3904.90771484375, 5112.66748046875, 2699.093505859375, 1891.8017578125], [2409.5869140625, 3929.041748046875, 4389.9052734375, 5210.28515625, 2280.03564453125, 5441.283203125, 1598.0018310546875, 2838.665283203125, 2935.077880859375, 3084.95263671875, 5970.66845703125, 7480.060546875, 5002.6494140625, 1501.341064453125, 5662.7265625, 5984.26806640625, 1468.98095703125, 5410.99951171875, 4033.385986328125, 4885.25341796875, 6745.5732421875, 1896.4625244140625, 4711.61181640625, 2380.979736328125, 7524.79150390625, 2184.56982421875, 2206.84033203125, 4169.67626953125, 5543.78955078125, 5610.1201171875, 2821.343017578125, 0.0, 3074.413818359375, 2602.373779296875, 5290.04638671875, 3874.7724609375, 4136.10546875, 6300.2001953125, 7084.51220703125, 3118.268798828125, 2929.87109375, 6213.91259765625, 6926.0, 6941.32958984375, 2760.24951171875, 7045.9111328125, 5024.80322265625, 3813.722900390625, 4577.56982421875, 3162.265869140625, 3642.812255859375, 4117.46533203125, 759.743408203125, 6230.14892578125, 5859.52685546875, 3214.913330078125, 7054.61962890625, 2691.625, 4523.02197265625, 912.0975952148438, 3826.8642578125], [5341.44873046875, 1330.3251953125, 6130.45703125, 7734.97607421875, 2183.271484375, 8276.7626953125, 1695.7623291015625, 5912.8740234375, 1866.9381103515625, 2151.477783203125, 7735.916015625, 10414.9052734375, 7935.650390625, 1734.152587890625, 7728.99072265625, 9022.0693359375, 2937.143798828125, 7632.767578125, 5974.18505859375, 5552.228515625, 9692.97265625, 2200.01318359375, 7703.72412109375, 770.9247436523438, 10549.4921875, 1355.4781494140625, 5270.24462890625, 5484.3896484375, 5969.77197265625, 6130.146484375, 255.9765625, 3074.413818359375, 0.0, 2870.6064453125, 6414.1611328125, 6168.49951171875, 7174.865234375, 7411.28759765625, 8924.25390625, 4713.07470703125, 5994.09814453125, 9282.74609375, 9114.3017578125, 10014.046875, 2779.889404296875, 10118.4990234375, 6774.61181640625, 5297.92724609375, 7261.95361328125, 4628.51806640625, 5246.9794921875, 6800.78466796875, 3065.019775390625, 9144.755859375, 8921.892578125, 5215.8359375, 10090.6513671875, 4118.29638671875, 5271.525390625, 2927.81591796875, 1873.8863525390625], [3654.380615234375, 2702.40234375, 6963.4365234375, 7740.4404296875, 3884.60107421875, 6096.06103515625, 1675.0513916015625, 4734.388671875, 4126.7255859375, 1060.2877197265625, 4897.33642578125, 8310.8017578125, 7234.04052734375, 1756.5107421875, 8264.388671875, 7262.76806640625, 3731.559814453125, 4953.619140625, 6626.42578125, 2761.6474609375, 7641.0712890625, 909.0286254882812, 6848.63427734375, 2229.705322265625, 8677.4208984375, 3181.894287109375, 4315.56787109375, 2621.102294921875, 3286.808349609375, 3412.73046875, 2690.721923828125, 2602.373779296875, 2870.6064453125, 0.0, 3551.858642578125, 6471.61181640625, 5538.6201171875, 4561.56640625, 6084.5068359375, 5627.29248046875, 4944.72412109375, 7971.27294921875, 6374.61376953125, 8614.83203125, 226.43321228027344, 8566.6181640625, 3952.748046875, 6322.75927734375, 4958.57470703125, 5638.70654296875, 2454.63330078125, 4535.95068359375, 3236.744873046875, 8445.8349609375, 7303.99072265625, 5803.64599609375, 8278.90625, 1410.3900146484375, 2447.914306640625, 3286.19189453125, 2088.36328125], [4464.8154296875, 5997.46435546875, 9439.64453125, 9396.4013671875, 7219.201171875, 4966.25830078125, 5110.6845703125, 5754.94873046875, 7591.85400390625, 4368.71240234375, 1807.7681884765625, 6920.7431640625, 8199.2841796875, 5163.3408203125, 10353.958984375, 6696.0048828125, 6730.6416015625, 2717.9892578125, 9006.5234375, 1079.3966064453125, 6457.68603515625, 4362.47998046875, 7699.7060546875, 5778.4658203125, 7679.83447265625, 6638.24609375, 5766.0146484375, 1121.925537109375, 1363.139404296875, 1192.8160400390625, 6241.546875, 5290.04638671875, 6414.1611328125, 3551.858642578125, 0.0, 8590.447265625, 5614.3505859375, 1030.9461669921875, 2846.17724609375, 8335.2197265625, 6053.37060546875, 7996.0458984375, 3579.284912109375, 8409.5029296875, 3634.970703125, 8129.4443359375, 1345.81494140625, 9011.6162109375, 3907.728271484375, 8406.3232421875, 1707.209716796875, 3764.85986328125, 6049.6259765625, 9222.9609375, 6969.87255859375, 8257.7451171875, 7445.75048828125, 2624.701904296875, 1205.7384033203125, 6187.22509765625, 5213.2373046875], [4254.2724609375, 7370.42626953125, 1232.44189453125, 1620.154296875, 4125.5908203125, 6317.50537109375, 5280.970703125, 3198.38916015625, 4805.8115234375, 6905.9375, 8653.328125, 7532.14501953125, 2751.256591796875, 5169.02783203125, 1807.133056640625, 5661.5673828125, 3238.519775390625, 7625.65576171875, 778.0520629882812, 8465.4521484375, 6864.00048828125, 5751.93212890625, 2917.260498046875, 5745.0458984375, 7021.2216796875, 4827.8447265625, 2895.155517578125, 7510.30908203125, 9164.8271484375, 9189.1435546875, 5972.740234375, 3874.7724609375, 6168.49951171875, 6471.61181640625, 8590.447265625, 0.0, 4413.14599609375, 9497.97265625, 9534.181640625, 1718.465576171875, 2927.608154296875, 4830.39990234375, 8930.3759765625, 5548.546875, 6634.56689453125, 5950.18115234375, 7876.19384765625, 1649.6729736328125, 6137.0517578125, 1889.0643310546875, 6890.53271484375, 5829.583984375, 3354.893310546875, 3627.63427734375, 5261.39990234375, 1023.3733520507812, 6528.82373046875, 6261.25244140625, 8106.005859375, 3397.97021484375, 7500.25537109375], [1909.7635498046875, 7818.9873046875, 5617.36328125, 4422.93115234375, 6165.0400390625, 1905.1396484375, 5542.5498046875, 1496.091552734375, 6913.8876953125, 6495.34130859375, 4927.7734375, 3456.55615234375, 2772.071044921875, 5476.97607421875, 5756.2529296875, 1849.00244140625, 5048.71484375, 3660.978271484375, 5131.93017578125, 6017.369140625, 2721.244873046875, 5412.7529296875, 2254.453857421875, 6437.12255859375, 3389.3935546875, 6293.25146484375, 2172.477294921875, 4835.8232421875, 6689.81982421875, 6615.36181640625, 6919.0, 4136.10546875, 7174.865234375, 5538.6201171875, 5614.3505859375, 4413.14599609375, 0.0, 6235.3798828125, 5525.4453125, 5283.58447265625, 1633.4261474609375