{"speed": [10, 30, 15, 10, 30, 10, 30, 10, 10, 15], "targets": [[0, 0, 0, 0], [2836, 2562, 10, 25], [-4186, -1253, 15, 15], [-3035, -4605, 11, 14], [3070, -1800, 10, 20], [-4095, 1879, 14, 22], [2668, 4095, 10, 20], [3968, 761, 13, 22], [3205, -2577, 13, 10], [4585, 3247, 14, 21], [-2064, -2624, 12, 10], [-4110, 2902, 11, 17], [-681, -4843, 11, 18], [-4929, -3560, 14, 16], [-4293, 1944, 10, 21], [-335, -17, 14, 15], [-2899, 2368, 10, 10], [-120, 1506, 10, 16], [3844, -769, 12, 19], [-4193, 2107, 13, 21], [4741, 1057, 15, 14], [-939, -1414, 14, 18], [-1227, -971, 12, 24], [4541, 4131, 14, 15], [-2914, 2059, 12, 21], [-4875, 3233, 10, 19], [3235, 4541, 13, 25], [1682, 4030, 10, 13], [-328, -945, 12, 13], [-2329, 3334, 14, 14], [3377, 952, 12, 13], [-1171, -548, 11, 13], [-500, 2133, 11, 15], [-466, 1835, 11, 14], [-4740, 2381, 15, 11], [4773, 2318, 11, 16], [301, 4359, 13, 14], [-1554, -169, 10, 21], [499, 2226, 14, 10], [-4129, 1357, 15, 22], [3613, 4251, 11, 21], [-890, -481, 11, 14], [3506, -341, 10, 10], [3038, -3196, 15, 21], [3468, -1542, 15, 18], [-4417, -4760, 15, 22], [4508, 1834, 15, 10], [-4733, 4707, 12, 13], [3185, -3189, 15, 25], [-1386, -1311, 11, 24], [-3120, 3080, 11, 11], [-663, -4847, 12, 22], [4979, 4336, 14, 22], [574, -2970, 15, 22], [4811, -4092, 12, 15], [3874, -1782, 11, 15], [-4866, -1430, 14, 10], [4980, 4958, 13, 21], [-4217, -3234, 11, 17], [-3445, -435, 13, 15], [-3458, 2906, 12, 10]], "tasks": [[], [1, 2, 3, 4, 5, 6, 7, 8, 9, 10, 11, 12, 13, 14, 15, 16, 17, 18, 19, 20, 21, 22, 23, 24, 25, 26, 27, 28, 29, 30, 31, 32, 33, 34, 35, 36, 37, 38, 39, 40, 41, 42, 43, 44, 45, 46, 47, 48, 49, 50, 51, 52, 53, 54, 55, 56, 57, 58, 59, 60], [], [], [], [], [], [], [], []], "map": [[0.0, 3821.87646484375, 4369.5087890625, 5515.18359375, 3558.77783203125, 4505.51513671875, 4887.45849609375, 4040.31494140625, 4112.5361328125, 5618.29443359375, 3338.4833984375, 5031.2724609375, 4890.64501953125, 6080.18408203125, 4712.64111328125, 335.4310607910156, 3743.21044921875, 1510.7733154296875, 3920.16552734375, 4692.62158203125, 4857.3994140625, 1697.3853759765625, 1564.726806640625, 6138.87939453125, 3568.035400390625, 5849.60791015625, 5575.4736328125, 4366.923828125, 1000.304443359375, 4066.9150390625, 3508.62255859375, 1292.8824462890625, 2190.8193359375, 1893.24609375, 5304.40966796875, 5306.095703125, 4369.3798828125, 1563.1624755859375, 2281.24462890625, 4346.27294921875, 5578.9580078125, 1011.6624755859375, 3522.544189453125, 4409.51904296875, 3795.364013671875, 6493.64990234375, 4866.78759765625, 6675.11328125, 4507.099609375, 1907.80419921875, 4384.1533203125, 4892.13427734375, 6602.37353515625, 3024.958740234375, 6315.86767578125, 4264.19970703125, 5071.7705078125, 7027.24462890625, 5314.3056640625, 3472.355224609375, 4516.923828125], [3821.87646484375, 0.0, 7991.41455078125, 9264.6923828125, 4368.27197265625, 6964.5712890625, 1542.177978515625, 2127.210693359375, 5152.23095703125, 1878.3572998046875, 7134.74560546875, 6954.31640625, 8197.7626953125, 9888.0791015625, 7155.736328125, 4087.3564453125, 5738.2802734375, 3138.96044921875, 3480.176025390625, 7043.7109375, 2427.766357421875, 5482.62744140625, 5384.24169921875, 2317.064208984375, 5771.958984375, 7740.1396484375, 2018.8218994140625, 1867.281494140625, 4723.34033203125, 5222.3759765625, 1698.46435546875, 5072.29248046875, 3363.470947265625, 3381.08447265625, 7578.16162109375, 1952.3076171875, 3107.3193359375, 5170.15087890625, 2361.030517578125, 7068.46875, 1859.153076171875, 4810.70947265625, 2979.3134765625, 5761.5419921875, 4152.37744140625, 10306.197265625, 1823.614013671875, 7867.06982421875, 5761.57958984375, 5729.3466796875, 5978.48291015625, 8193.6728515625, 2782.000244140625, 5976.59326171875, 6940.91796875, 4466.2939453125, 8675.0712890625, 3215.206298828125, 9128.98828125, 6959.3798828125, 6303.3935546875], [4369.5087890625, 7991.41455078125, 0.0, 3544.1083984375, 7276.5888671875, 3133.32177734375, 8693.5849609375, 8399.0419921875, 7508.65234375, 9858.013671875, 2526.365966796875, 4155.69482421875, 5017.28271484375, 2423.695068359375, 3198.7900390625, 4044.48974609375, 3842.916748046875, 4913.69873046875, 8044.5732421875, 3360.00732421875, 9221.0322265625, 3250.989013671875, 2972.4072265625, 10254.1689453125, 3547.862548828125, 4538.60302734375, 9414.970703125, 7895.791015625, 3870.27490234375, 4948.63818359375, 7877.8798828125, 3096.328369140625, 5005.15673828125, 4834.68115234375, 3675.98583984375, 9644.4658203125, 7185.24267578125, 2846.485595703125, 5835.46630859375, 2610.622314453125, 9545.5966796875, 3385.203125, 7745.876953125, 7480.73681640625, 7659.4541015625, 3514.599609375, 9225.7900390625, 5985.048828125, 7621.00634765625, 2800.6005859375, 4462.20166015625, 5032.7294921875, 10734.716796875, 5060.20654296875, 9434.2958984375, 8077.34130859375, 702.6585083007812, 11072.130859375, 1981.2425537109375, 1103.7232666015625, 4222.234375], [5515.18359375, 9264.6923828125, 3544.1083984375, 0.0, 6718.56005859375, 6570.07275390625, 10402.60546875, 8822.4697265625, 6561.279296875, 10941.5859375, 2206.173583984375, 7583.5791015625, 2366.000732421875, 2163.159912109375, 6668.73046875, 5323.5087890625, 6974.326171875, 6770.638671875, 7876.26416015625, 6811.16064453125, 9618.9619140625, 3817.813232421875, 4058.91845703125, 11563.4541015625, 6665.0986328125, 8051.0771484375, 11088.8330078125, 9839.3759765625, 4552.30126953125, 7970.32958984375, 8484.927734375, 4464.72216796875, 7199.087890625, 6933.49560546875, 7191.05126953125, 10435.1708984375, 9564.6328125, 4676.69287109375, 7691.01513671875, 6061.541015625, 11073.6005859375, 4648.48388671875, 7808.0966796875, 6234.30908203125, 7188.2529296875, 1390.6649169921875, 9917.5380859375, 9465.544921875, 6379.14208984375, 3683.69873046875, 7685.47021484375, 2384.31298828125, 12006.9013671875, 3962.08349609375, 7862.7529296875, 7463.4853515625, 3665.131103515625, 12477.6279296875, 1810.1837158203125, 4190.107421875, 7522.90185546875], [3558.77783203125, 4368.27197265625, 7276.5888671875, 6718.56005859375, 0.0, 8054.33203125, 5908.69091796875, 2713.87646484375, 788.640625, 5269.4814453125, 5199.705078125, 8582.6103515625, 4830.09814453125, 8190.3359375, 8260.224609375, 3843.580810546875, 7280.19140625, 4594.09814453125, 1289.2001953125, 8247.169921875, 3309.787109375, 4027.539794921875, 4376.23681640625, 6110.69580078125, 7120.40283203125, 9405.0048828125, 6343.146484375, 5992.94970703125, 3503.916259765625, 7450.3125, 2769.07080078125, 4421.943359375, 5311.6279296875, 5071.14599609375, 8858.716796875, 4456.24658203125, 6752.82470703125, 4903.216796875, 4776.89404296875, 7860.8046875, 6075.31494140625, 4173.890625, 1522.7530517578125, 1396.36669921875, 474.30792236328125, 8050.88623046875, 3908.1708984375, 10160.111328125, 1393.75244140625, 4482.7509765625, 7882.2900390625, 4818.66162109375, 6426.10107421875, 2756.613037109375, 2878.25390625, 804.2014770507812, 7944.62060546875, 7022.724609375, 7426.75732421875, 6656.45947265625, 8047.435546875], [4505.51513671875, 6964.5712890625, 3133.32177734375, 6570.07275390625, 8054.33203125, 0.0, 7116.798828125, 8140.140625, 8552.5400390625, 8787.1396484375, 4939.8349609375, 1023.1099853515625, 7539.27587890625, 5502.56982421875, 208.39625549316406, 4210.9873046875, 1292.1055908203125, 3992.462158203125, 8368.9677734375, 248.16929626464844, 8874.15234375, 4561.16064453125, 4043.256591796875, 8924.796875, 1194.638427734375, 1562.59912109375, 7798.40673828125, 6164.45703125, 4708.0, 2288.182861328125, 7529.28369140625, 3800.013916015625, 3603.9619140625, 3629.266845703125, 817.3303833007812, 8878.859375, 5047.2978515625, 3263.584716796875, 4607.08642578125, 523.1060791015625, 8064.71630859375, 3980.15380859375, 7918.560546875, 8754.16015625, 8300.7353515625, 6646.80419921875, 8603.1181640625, 2899.07373046875, 8870.3447265625, 4185.06640625, 1546.9407958984375, 7551.00634765625, 9400.76171875, 6731.44580078125, 10722.3916015625, 8769.7138671875, 3397.634765625, 9583.103515625, 5114.455078125, 2403.55908203125, 1208.5106201171875], [4887.45849609375, 1542.177978515625, 8693.5849609375, 10402.60546875, 5908.69091796875, 7116.798828125, 0.0, 3578.485107421875, 6693.57568359375, 2096.185302734375, 8218.0771484375, 6882.189453125, 9544.8232421875, 10784.87109375, 7285.76171875, 5091.8125, 5828.7236328125, 3804.716064453125, 5004.1455078125, 7143.2109375, 3677.876220703125, 6584.79541015625, 6390.2568359375, 1873.345947265625, 5941.71875, 7592.09423828125, 721.3909912109375, 988.1401977539062, 5863.24267578125, 5054.61474609375, 3221.97607421875, 6024.56396484375, 3726.347900390625, 3863.87841796875, 7603.7001953125, 2754.769287109375, 2381.677001953125, 6000.58154296875, 2863.16650390625, 7327.74560546875, 957.7896728515625, 5796.4765625, 4514.458984375, 7300.38232421875, 5693.48486328125, 11340.5576171875, 2915.0849609375, 7426.2607421875, 7302.32470703125, 6757.2001953125, 5876.32275390625, 9542.2705078125, 2323.5322265625, 7368.78955078125, 8462.8251953125, 5999.4638671875, 9342.7392578125, 2467.8154296875, 10055.7177734375, 7608.52587890625, 6240.3203125], [4040.31494140625, 2127.210693359375, 8399.0419921875, 8822.4697265625, 2713.87646484375, 8140.140625, 3578.485107421875, 0.0, 3424.093017578125, 2561.42236328125, 6916.88134765625, 8356.9111328125, 7281.34716796875, 9890.7861328125, 8345.2744140625, 4372.76708984375, 7052.52685546875, 4155.330078125, 1535.0166015625, 8271.25390625, 827.73486328125, 5367.42724609375, 5476.1162109375, 3418.366455078125, 7003.3369140625, 9182.0166015625, 3850.4140625, 3989.00439453125, 4622.3427734375, 6802.39208984375, 621.097412109375, 5303.09375, 4673.9072265625, 4562.2177734375, 8857.4072265625, 1752.7904052734375, 5137.3623046875, 5599.7666015625, 3765.65869140625, 8118.9052734375, 3508.0087890625, 5014.25244140625, 1194.9259033203125, 4064.818359375, 2356.652099609375, 10039.4052734375, 1201.2198486328125, 9553.96875, 4026.8583984375, 5740.94921875, 7457.71435546875, 7272.95166015625, 3715.20458984375, 5043.76806640625, 4925.67333984375, 2544.73681640625, 9101.650390625, 4317.28515625, 9107.9228515625, 7508.8603515625, 7729.5859375], [4112.5361328125, 5152.23095703125, 7508.65234375, 6561.279296875, 788.640625, 8552.5400390625, 6693.57568359375, 3424.093017578125, 0.0, 5985.26318359375, 5269.20947265625, 9139.4013671875, 4498.41650390625, 8193.1826171875, 8755.5380859375, 4368.6611328125, 7855.6884765625, 5265.59716796875, 1917.5987548828125, 8756.1552734375, 3945.2822265625, 4304.103515625, 4714.0068359375, 6839.74853515625, 7676.89111328125, 9952.009765625, 7118.06298828125, 6780.263671875, 3891.7236328125, 8097.2265625, 3533.18896484375, 4823.5068359375, 5992.58935546875, 5739.5107421875, 9365.083984375, 5140.0048828125, 7519.3955078125, 5333.5302734375, 5512.82568359375, 8322.494140625, 6840.1787109375, 4600.24365234375, 2256.168701171875, 641.1318359375, 1067.892333984375, 7928.45361328125, 4599.42724609375, 10773.5087890625, 612.3267211914062, 4762.3564453125, 8485.7099609375, 4484.8994140625, 7136.9912109375, 2660.18994140625, 2207.818115234375, 1039.03125, 8152.0947265625, 7741.24365234375, 7451.0224609375, 6986.462890625, 8628.955078125], [5618.29443359375, 1878.3572998046875, 9858.013671875, 10941.5859375, 5269.4814453125, 8787.1396484375, 2096.185302734375, 2561.42236328125, 5985.26318359375, 0.0, 8870.052734375, 8701.841796875, 9652.919921875, 11698.3525390625, 8973.109375, 5904.244140625, 7535.44287109375, 5016.7822265625, 4083.78955078125, 8851.716796875, 2195.549072265625, 7227.689453125, 7181.2861328125, 885.0943603515625, 7592.51904296875, 9460.0107421875, 1870.0096435546875, 3006.7421875, 6458.361328125, 6914.54736328125, 2593.509033203125, 6894.45849609375, 5205.59521484375, 5244.6494140625, 9365.1259765625, 947.8317260742188, 4425.96875, 7025.4091796875, 4211.63134765625, 8916.607421875, 1397.4261474609375, 6623.7158203125, 3746.72998046875, 6626.119140625, 4917.541015625, 12047.740234375, 1415.096435546875, 9431.6875, 6586.5087890625, 7511.87109375, 7706.8095703125, 9646.4677734375, 1158.0833740234375, 7398.59521484375, 7342.47900390625, 5079.01171875, 10544.9384765625, 1756.0028076171875, 10930.625, 8833.9130859375, 8050.2255859375], [3338.4833984375, 7134.74560546875, 2526.365966796875, 2206.173583984375, 5199.705078125, 4939.8349609375, 8218.0771484375, 6916.88134765625, 5269.20947265625, 8870.052734375, 0.0, 5892.60498046875, 2614.69873046875, 3014.020751953125, 5082.82080078125, 3128.24072265625, 5061.3525390625, 4564.65087890625, 6192.37353515625, 5187.966796875, 7736.78125, 1652.18798828125, 1852.8297119140625, 9447.5419921875, 4759.515625, 6496.62744140625, 8911.6005859375, 7635.98291015625, 2415.10595703125, 5963.890625, 6510.93359375, 2259.9169921875, 5007.5087890625, 4736.69580078125, 5675.4736328125, 8436.1083984375, 7372.619140625, 2507.4140625, 5485.5693359375, 4484.70556640625, 8915.9384765625, 2443.506591796875, 6019.716796875, 5133.96435546875, 5636.82080078125, 3177.908935546875, 7941.34423828125, 7801.73828125, 5279.32080078125, 1477.7188720703125, 5800.9267578125, 2627.647216796875, 9901.7900390625, 2660.593994140625, 7029.98193359375, 5997.39990234375, 3045.79052734375, 10349.1376953125, 2237.746337890625, 2588.219970703125, 5702.99365234375], [5031.2724609375, 6954.31640625, 4155.69482421875, 7583.5791015625, 8582.6103515625, 1023.1099853515625, 6882.189453125, 8356.9111328125, 9139.4013671875, 8701.841796875, 5892.60498046875, 0.0, 8470.1279296875, 6513.69384765625, 975.322021484375, 4771.91650390625, 1323.5093994140625, 4227.1640625, 8760.271484375, 799.3209838867188, 9041.2509765625, 5355.66015625, 4828.2314453125, 8737.8623046875, 1463.23779296875, 833.5382690429688, 7525.64599609375, 5900.8173828125, 5394.71337890625, 1832.644287109375, 7736.77392578125, 4532.1318359375, 3690.997314453125, 3797.002197265625, 817.521240234375, 8902.1767578125, 4645.4033203125, 3995.51953125, 4658.310546875, 1545.1168212890625, 7839.931640625, 4670.4482421875, 8277.7109375, 9395.7177734375, 8784.9423828125, 7668.14794921875, 8683.9248046875, 1909.490478515625, 9503.5419921875, 5016.92578125, 1005.874755859375, 8481.0849609375, 9201.427734375, 7511.3408203125, 11335.7958984375, 9256.5712890625, 4397.47216796875, 9319.615234375, 6136.93310546875, 3402.61572265625, 652.0122680664062], [4890.64501953125, 8197.7626953125, 5017.28271484375, 2366.000732421875, 4830.09814453125, 7539.27587890625, 9544.8232421875, 7281.34716796875, 4498.41650390625, 9652.919921875, 2614.69873046875, 8470.1279296875, 0.0, 4437.52099609375, 7688.29736328125, 4838.38720703125, 7544.40478515625, 6373.73681640625, 6088.7685546875, 7786.95361328125, 8012.99462890625, 3438.6923828125, 3910.306884765625, 10382.7724609375, 7254.23291015625, 9100.0771484375, 10168.3095703125, 9182.259765625, 3913.951171875, 8341.4169921875, 7074.55908203125, 4322.86083984375, 6978.34765625, 6681.4599609375, 8286.2333984375, 9001.4462890625, 9254.2490234375, 4754.82958984375, 7166.8095703125, 7094.2724609375, 10056.802734375, 4367.00390625, 6148.0869140625, 4067.378662109375, 5301.9619140625, 3736.921875, 8456.2431640625, 10374.064453125, 4204.9580078125, 3601.673095703125, 8289.912109375, 18.439088821411133, 10783.767578125, 2254.585205078125, 5543.10986328125, 5487.9638671875, 5400.2587890625, 11318.4150390625, 3884.865234375, 5202.8994140625, 8231.5693359375], [6080.18408203125, 9888.0791015625, 2423.695068359375, 2163.159912109375, 8190.3359375, 5502.56982421875, 10784.87109375, 9890.7861328125, 8193.1826171875, 11698.3525390625, 3014.020751953125, 6513.69384765625, 4437.52099609375, 0.0, 5540.6240234375, 5801.5244140625, 6265.9462890625, 6985.0439453125, 9206.259765625, 5714.59423828125, 10715.669921875, 4530.49853515625, 4517.4912109375, 12199.6875, 5969.37060546875, 6793.21484375, 11501.177734375, 10065.45703125, 5292.2041015625, 7367.9873046875, 9452.3955078125, 4816.08837890625, 7212.92529296875, 7001.7421875, 5944.00537109375, 11343.70703125, 9490.1767578125, 4784.2978515625, 7933.53515625, 4981.6552734375, 11574.8642578125, 5078.755859375, 9028.3544921875, 7975.31103515625, 8636.0830078125, 1304.662353515625, 10869.7841796875, 8269.3232421875, 8122.47705078125, 4196.5283203125, 6882.01123046875, 4455.9091796875, 12669.462890625, 5534.53759765625, 9754.5185546875, 8980.7626953125, 2130.931396484375, 13066.927734375, 783.0836181640625, 3459.462646484375, 6631.2138671875], [4712.64111328125, 7155.736328125, 3198.7900390625, 6668.73046875, 8260.224609375, 208.39625549316406, 7285.76171875, 8345.2744140625, 8755.5380859375, 8973.109375, 5082.82080078125, 975.322021484375, 7688.29736328125, 5540.6240234375, 0.0, 4417.158203125, 1457.055908203125, 4195.92333984375, 8577.3623046875, 191.230224609375, 9077.4404296875, 4746.1015625, 4230.55322265625, 9100.6884765625, 1383.786865234375, 1414.3001708984375, 7963.36572265625, 6328.66650390625, 4905.86865234375, 2406.116455078125, 7733.88427734375, 3994.614990234375, 3797.705810546875, 3828.552001953125, 625.1223754882812, 9073.7109375, 5190.0927734375, 3459.3193359375, 4800.29052734375, 609.4793090820312, 8235.7197265625, 4178.64013671875, 8126.84619140625, 8953.388671875, 8507.9560546875, 6705.146484375, 8801.6875, 2797.81494140625, 9070.1806640625, 4364.134765625, 1632.919189453125, 7700.29736328125, 9575.5751953125, 6916.29150390625, 10923.19140625, 8976.8017578125, 3422.309814453125, 9750.5244140625, 5178.5576171875, 2525.61767578125, 1273.8402099609375], [335.4310607910156, 4087.3564453125, 4044.48974609375, 5323.5087890625, 3843.580810546875, 4210.9873046875, 5091.8125, 4372.76708984375, 4368.6611328125, 5904.244140625, 3128.24072265625, 4771.91650390625, 4838.38720703125, 5801.5244140625, 4417.158203125, 0.0, 3501.759765625, 1538.100830078125, 4246.12109375, 4404.03662109375, 5188.37646484375, 1521.9805908203125, 1306.05517578125, 6401.662109375, 3310.74267578125, 5583.376953125, 5789.6689453125, 4521.7802734375, 928.0264282226562, 3899.389404296875, 3836.39208984375, 990.3822631835938, 2156.322021484375, 1856.6273193359375, 5015.4189453125, 5616.39453125, 4421.97607421875, 1228.4400634765625, 2393.03271484375, 4035.134765625, 5813.994140625, 723.4093017578125, 3854.640869140625, 4634.994140625, 4097.369140625, 6257.697265625, 5184.67431640625, 6454.345703125, 4738.3525390625, 1667.04443359375, 4165.04931640625, 4841.1240234375, 6869.29443359375, 3089.739501953125, 6564.064453125, 4564.0888671875, 4746.21240234375, 7280.099609375, 5041.72705078125, 3137.96484375, 4277.505859375], [3743.21044921875, 5738.2802734375, 3842.916748046875, 6974.326171875, 7280.19140625, 1292.1055908203125, 5828.7236328125, 7052.52685546875, 7855.6884765625, 7535.44287109375, 5061.3525390625, 1323.5093994140625, 7544.40478515625, 6265.9462890625, 1457.055908203125, 3501.759765625, 0.0, 2909.619384765625, 7436.98974609375, 1320.0594482421875, 7751.66552734375, 4259.70947265625, 3734.234130859375, 7646.02978515625, 309.3638610839844, 2157.03515625, 6507.525390625, 4873.171875, 4193.56787109375, 1121.6309814453125, 6433.75732421875, 3389.548583984375, 2410.482421875, 2490.6982421875, 1841.0458984375, 7672.1630859375, 3768.830078125, 2871.4794921875, 3400.9658203125, 1592.1749267578125, 6778.7783203125, 3486.098388671875, 6954.330078125, 8136.7109375, 7471.732421875, 7287.8466796875, 7426.22412109375, 2972.284912109375, 8239.8603515625, 3977.965576171875, 745.5098876953125, 7553.537109375, 8120.0927734375, 6368.35693359375, 10058.61328125, 7943.30078125, 4277.13623046875, 8293.77734375, 5754.95703125, 2855.682861328125, 775.8382568359375], [1510.7733154296875, 3138.96044921875, 4913.69873046875, 6770.638671875, 4594.09814453125, 3992.462158203125, 3804.716064453125, 4155.330078125, 5265.59716796875, 5016.7822265625, 4564.65087890625, 4227.1640625, 6373.73681640625, 6985.0439453125, 4195.92333984375, 1538.100830078125, 2909.619384765625, 0.0, 4570.43994140625, 4117.10205078125, 4881.6923828125, 3032.68212890625, 2713.1123046875, 5349.35009765625, 2848.2001953125, 5058.908203125, 4524.07470703125, 3101.254638671875, 2459.81005859375, 2867.27490234375, 3540.61083984375, 2307.27490234375, 733.1636962890625, 477.44842529296875, 4702.1298828125, 4959.91845703125, 2883.89501953125, 2204.989990234375, 949.5056762695312, 4011.767822265625, 4633.60693359375, 2130.978515625, 4069.31005859375, 5664.0771484375, 4707.87109375, 7597.826171875, 4639.6083984375, 5614.81689453125, 5741.60693359375, 3088.405029296875, 3387.84228515625, 6376.1630859375, 5831.69775390625, 4529.482421875, 7460.05126953125, 5173.294921875, 5580.73583984375, 6158.43359375, 6265.22216796875, 3850.07861328125, 3619.7021484375], [3920.16552734375, 3480.176025390625, 8044.5732421875, 7876.26416015625, 1289.2001953125, 8368.9677734375, 5004.1455078125, 1535.0166015625, 1917.5987548828125, 4083.78955078125, 6192.37353515625, 8760.271484375, 6088.7685546875, 9206.259765625, 8577.3623046875, 4246.12109375, 7436.98974609375, 4570.43994140625, 0.0, 8536.0849609375, 2034.4249267578125, 4826.2939453125, 5075.021484375, 4949.32421875, 7325.85498046875, 9593.58984375, 5344.80859375, 5263.52001953125, 4175.7109375, 7412.1884765625, 1783.23583984375, 5019.8671875, 5224.1689453125, 5035.56494140625, 9143.716796875, 3223.757080078125, 6232.91552734375, 5431.2431640625, 4489.88330078125, 8251.58203125, 5025.31201171875, 4742.75244140625, 545.36962890625, 2557.33544921875, 859.5958251953125, 9174.541015625, 2686.355224609375, 10176.0263671875, 2508.123046875, 5258.00927734375, 7956.89013671875, 6078.08642578125, 5229.65087890625, 3941.73828125, 3460.840576171875, 1013.4441528320312, 8735.0458984375, 5838.58056640625, 8429.46875, 7296.6484375, 8174.6455078125], [4692.62158203125, 7043.7109375, 3360.00732421875, 6811.16064453125, 8247.169921875, 248.16929626464844, 7143.2109375, 8271.25390625, 8756.1552734375, 8851.716796875, 5187.966796875, 799.3209838867188, 7786.95361328125, 5714.59423828125, 191.230224609375, 4404.03662109375, 1320.0594482421875, 4117.10205078125, 8536.0849609375, 0.0, 8995.4912109375, 4794.3671875, 4274.4873046875, 8965.4521484375, 1279.900390625, 1316.4345703125, 7816.61962890625, 6181.71142578125, 4924.72607421875, 2231.596923828125, 7657.60546875, 4022.624755859375, 3693.091552734375, 3736.912109375, 611.7883911132812, 8968.482421875, 5026.6826171875, 3484.8955078125, 4693.5087890625, 752.7257080078125, 8095.0830078125, 4196.13525390625, 8078.818359375, 8967.1162109375, 8485.642578125, 6870.65234375, 8705.28125, 2655.48486328125, 9081.9873046875, 4422.89208984375, 1448.4674072265625, 7798.65478515625, 9438.962890625, 6964.2099609375, 10931.587890625, 8955.490234375, 3600.4580078125, 9605.837890625, 5341.0537109375, 2649.767578125, 1085.6453857421875], [4857.3994140625, 2427.766357421875, 9221.0322265625, 9618.9619140625, 3309.787109375, 8874.15234375, 3677.876220703125, 827.73486328125, 3945.2822265625, 2195.549072265625, 7736.78125, 9041.2509765625, 8012.99462890625, 10715.669921875, 9077.4404296875, 5188.37646484375, 7751.66552734375, 4881.6923828125, 2034.4249267578125, 8995.4912109375, 0.0, 6194.21044921875, 6303.15869140625, 3080.499267578125, 7720.2998046875, 9859.12890625, 3795.562255859375, 4265.70166015625, 5450.0244140625, 7427.6259765625, 1368.035400390625, 6125.9912109375, 5350.31396484375, 5264.80126953125, 9573.0, 1261.406005859375, 5533.2451171875, 6413.275390625, 4400.1279296875, 8875.072265625, 3387.332275390625, 5837.26025390625, 1865.3763427734375, 4581.2900390625, 2894.016357421875, 10849.2607421875, 811.18310546875, 10152.7919921875, 4522.12890625, 6568.6796875, 8117.13330078125, 8003.77587890625, 3287.6259765625, 5794.87841796875, 5149.4755859375, 2968.435546875, 9923.689453125, 3908.314453125, 9932.6953125, 8320.8564453125, 8404.9033203125], [1697.3853759765625, 5482.62744140625, 3250.989013671875, 3817.813232421875, 4027.539794921875, 4561.16064453125, 6584.79541015625, 5367.42724609375, 4304.103515625, 7227.689453125, 1652.18798828125, 5355.66015625, 3438.6923828125, 4530.49853515625, 4746.1015625, 1521.9805908203125, 4259.70947265625, 3032.68212890625, 4826.2939453125, 4794.3671875, 6194.21044921875, 0.0, 528.3871459960938, 7795.98779296875, 3995.29150390625, 6089.88525390625, 7272.1591796875, 6042.083984375, 770.2479858398438, 4947.28271484375, 4921.97216796875, 896.5377807617188, 3574.0634765625, 3283.25, 5371.1845703125, 6823.10546875, 5904.669921875, 1388.6143798828125, 3913.750732421875, 4225.46337890625, 7267.25048828125, 934.2858276367188, 4572.6748046875, 4357.9873046875, 4408.8583984375, 4826.19921875, 6341.86962890625, 7201.46337890625, 4489.76611328125, 458.7134094238281, 4995.27734375, 3444.076904296875, 8251.376953125, 2170.32373046875, 6343.0419921875, 4827.0478515625, 3927.03271484375, 8696.9501953125, 3749.35791015625, 2690.44189453125, 5000.77587890625], [1564.726806640625, 5384.24169921875, 2972.4072265625, 4058.91845703125, 4376.23681640625, 4043.256591796875, 6390.2568359375, 5476.1162109375, 4714.0068359375, 7181.2861328125, 1852.8297119140625, 4828.2314453125, 3910.306884765625, 4517.4912109375, 4230.55322265625, 1306.05517578125, 3734.234130859375, 2713.1123046875, 5075.021484375, 4274.4873046875, 6303.15869140625, 528.3871459960938, 0.0, 7700.6640625, 3467.9775390625, 5566.1044921875, 7091.65625, 5785.5234375, 899.3759155273438, 4443.80810546875, 4989.46337890625, 426.6907653808594, 3188.000244140625, 2907.362548828125, 4855.623046875, 6842.3330078125, 5544.69873046875, 866.1021728515625, 3633.16455078125, 3720.374755859375, 7120.0341796875, 594.7007446289062, 4774.7451171875, 4810.49365234375, 4729.5947265625, 4953.04150390625, 6384.21875, 6673.208984375, 4938.14404296875, 375.3411865234375, 4471.470703125, 3916.819091796875, 8165.70166015625, 2690.65087890625, 6796.91748046875, 5165.0673828125, 3667.83349609375, 8583.69921875, 3749.8359375, 2281.845703125, 4473.0849609375], [6138.87939453125, 2317.064208984375, 10254.1689453125, 11563.4541015625, 6110.69580078125, 8924.796875, 1873.345947265625, 3418.366455078125, 6839.74853515625, 885.0943603515625, 9447.5419921875, 8737.8623046875, 10382.7724609375, 12199.6875, 9100.6884765625, 6401.662109375, 7646.02978515625, 5349.35009765625, 4949.32421875, 8965.4521484375, 3080.499267578125, 7795.98779296875, 7700.6640625, 0.0, 7737.583984375, 9458.7236328125, 1368.8447265625, 2860.783447265625, 7033.7001953125, 6916.076171875, 3385.400634765625, 7383.76513671875, 5422.5166015625, 5508.32666015625, 9444.546875, 1827.78369140625, 4246.1259765625, 7459.1572265625, 4468.42138671875, 9102.96484375, 935.7264404296875, 7125.0478515625, 4590.2080078125, 7479.56787109375, 5773.5830078125, 12621.23828125, 2297.237060546875, 9291.8701171875, 7444.537109375, 8046.40869140625, 7732.75634765625, 10377.19140625, 483.60003662109375, 8133.958984375, 8227.431640625, 5950.50048828125, 10927.779296875, 936.2958984375, 11443.154296875, 9199.16015625, 8092.25732421875], [3568.035400390625, 5771.958984375, 3547.862548828125, 6665.0986328125, 7120.40283203125, 1194.638427734375, 5941.71875, 7003.3369140625, 7676.89111328125, 7592.51904296875, 4759.515625, 1463.23779296875, 7254.23291015625, 5969.37060546875, 1383.786865234375, 3310.74267578125, 309.3638610839844, 2848.2001953125, 7325.85498046875, 1279.900390625, 7720.2998046875, 3995.29150390625, 3467.9775390625, 7737.583984375, 0.0, 2285.562744140625, 6631.02734375, 5000.8056640625, 3963.762451171875, 1402.80078125, 6387.654296875, 3136.000244140625, 2415.134033203125, 2458.22705078125, 1854.1737060546875, 7691.36181640625, 3953.001953125, 2610.2841796875, 3417.083251953125, 1403.220947265625, 6885.24462890625, 3247.795654296875, 6853.93310546875, 7939.85693359375, 7327.83203125, 6982.67626953125, 7425.40966796875, 3212.5791015625, 8046.07373046875, 3700.2275390625, 1041.5743408203125, 7263.5966796875, 8214.875, 6120.21142578125, 9874.736328125, 7799.37353515625, 3997.927490234375, 8409.4853515625, 5451.0234375, 2549.9013671875, 1006.650390625], [5849.60791015625, 7740.1396484375, 4538.60302734375, 8051.0771484375, 9405.0048828125, 1562.59912109375, 7592.09423828125, 9182.0166015625, 9952.009765625, 9460.0107421875, 6496.62744140625, 833.5382690429688, 9100.0771484375, 6793.21484375, 1414.3001708984375, 5583.376953125, 2157.03515625, 5058.908203125, 9593.58984375, 1316.4345703125, 9859.12890625, 6089.88525390625, 5566.1044921875, 9458.7236328125, 2285.562744140625, 0.0, 8214.8017578125, 6605.259765625, 6175.021484375, 2548.00244140625, 8561.4521484375, 5292.97412109375, 4511.16650390625, 4625.33056640625, 862.629150390625, 9691.291015625, 5297.060546875, 4754.22412109375, 5467.53369140625, 2018.8837890625, 8548.828125, 5447.38671875, 9111.2373046875, 10195.4697265625, 9612.818359375, 8006.11083984375, 9486.7216796875, 1480.8240966796875, 10305.6142578125, 5728.96630859375, 1761.6566162109375, 9111.9345703125, 9915.5400390625, 8256.4404296875, 12143.896484375, 10084.4052734375, 4663.0087890625, 10004.8310546875, 6500.388671875, 3936.892578125, 1454.2413330078125], [5575.4736328125, 2018.8218994140625, 9414.970703125, 11088.8330078125, 6343.146484375, 7798.40673828125, 721.3909912109375, 3850.4140625, 7118.06298828125, 1870.0096435546875, 8911.6005859375, 7525.64599609375, 10168.3095703125, 11501.177734375, 7963.36572265625, 5789.6689453125, 6507.525390625, 4524.07470703125, 5344.80859375, 7816.61962890625, 3795.562255859375, 7272.1591796875, 7091.65625, 1368.8447265625, 6631.02734375, 8214.8017578125, 0.0, 1634.9097900390625, 6541.49560546875, 5693.41259765625, 3591.80810546875, 6731.32666015625, 4443.94970703125, 4584.73974609375, 8262.337890625, 2703.17822265625, 2939.639404296875, 6717.03955078125, 3583.981201171875, 8022.8642578125, 476.4283752441406, 6498.93115234375, 4889.515625, 7739.5078125, 6087.4609375, 12044.15625, 2991.384033203125, 7969.72900390625, 7730.16162109375, 7456.51025390625, 6520.77783203125, 10165.0849609375, 1756.007080078125, 7968.4404296875, 8775.6748046875, 6355.20654296875, 10063.7490234375, 1794.1331787109375, 10769.537109375, 8329.64453125, 6889.8095703125], [4366.923828125, 1867.281494140625, 7895.791015625, 9839.3759765625, 5992.94970703125, 6164.45703125, 988.1401977539062, 3989.00439453125, 6780.263671875, 3006.7421875, 7635.98291015625, 5900.8173828125, 9182.259765625, 10065.45703125, 6328.66650390625, 4521.7802734375, 4873.171875, 3101.254638671875, 5263.52001953125, 6181.71142578125, 4265.70166015625, 6042.083984375, 5785.5234375, 2860.783447265625, 5000.8056640625, 6605.259765625, 1634.9097900390625, 0.0, 5365.69873046875, 4070.93798828125, 3513.84521484375, 5394.2275390625, 2891.3203125, 3071.14453125, 6630.33056640625, 3533.44384765625, 1419.6485595703125, 5301.25439453125, 2157.291015625, 6396.2998046875, 1943.60546875, 5192.71630859375, 4736.30859375, 7352.1298828125, 5851.2373046875, 10698.6865234375, 3578.92333984375, 6450.62451171875, 7373.802734375, 6159.45654296875, 4895.0693359375, 9181.51171875, 3311.169677734375, 7087.14794921875, 8703.8798828125, 6211.61865234375, 8525.7197265625, 3426.07470703125, 9357.55859375, 6798.7021484375, 5261.46142578125], [1000.304443359375, 4723.34033203125, 3870.27490234375, 4552.30126953125, 3503.916259765625, 4708.0, 5863.24267578125, 4622.3427734375, 3891.7236328125, 6458.361328125, 2415.10595703125, 5394.71337890625, 3913.951171875, 5292.2041015625, 4905.86865234375, 928.0264282226562, 4193.56787109375, 2459.81005859375, 4175.7109375, 4924.72607421875, 5450.0244140625, 770.2479858398438, 899.3759155273438, 7033.7001953125, 3963.762451171875, 6175.021484375, 6541.49560546875, 5365.69873046875, 0.0, 4723.7529296875, 4162.4072265625, 931.8036499023438, 3082.802001953125, 2783.423095703125, 5525.216796875, 6055.35888671875, 5341.166015625, 1450.9486083984375, 3277.0673828125, 4443.73779296875, 6521.4951171875, 728.7935180664062, 3881.284912109375, 4049.315673828125, 3842.65869140625, 5592.3291015625, 5577.6103515625, 7165.83056640625, 4168.53759765625, 1119.5177001953125, 4898.56005859375, 3916.35400390625, 7486.869140625, 2216.80615234375, 6026.02099609375, 4284.55029296875, 4563.84375, 7938.53076171875, 4512.63134765625, 3158.447265625, 4962.56982421875], [4066.9150390625, 5222.3759765625, 4948.63818359375, 7970.32958984375, 7450.3125, 2288.182861328125, 5054.61474609375, 6802.39208984375, 8097.2265625, 6914.54736328125, 5963.890625, 1832.644287109375, 8341.4169921875, 7367.9873046875, 2406.116455078125, 3899.389404296875, 1121.6309814453125, 2867.27490234375, 7412.1884765625, 2231.596923828125, 7427.6259765625, 4947.28271484375, 4443.80810546875, 6916.076171875, 1402.80078125, 2548.00244140625, 5693.41259765625, 4070.93798828125, 4723.7529296875, 0.0, 6183.23193359375, 4051.035400390625, 2188.068115234375, 2391.185791015625, 2592.51416015625, 7174.3056640625, 2822.680419921875, 3587.7060546875, 3037.309326171875, 2673.67333984375, 6012.341796875, 4077.369873046875, 6895.857421875, 8452.548828125, 7574.99755859375, 8358.982421875, 6999.6123046875, 2768.455322265625, 8541.294921875, 4739.75439453125, 830.7809448242188, 8348.9111328125, 7376.3720703125, 6940.30419921875, 10301.7021484375, 8040.56396484375, 5397.41259765625, 7487.24609375, 6833.9716796875, 3930.752685546875, 1207.404296875], [3508.62255859375, 1698.46435546875, 7877.8798828125, 8484.927734375, 2769.07080078125, 7529.28369140625, 3221.97607421875, 621.097412109375, 3533.18896484375, 2593.509033203125, 6510.93359375, 7736.77392578125, 7074.55908203125, 9452.3955078125, 7733.88427734375, 3836.39208984375, 6433.75732421875, 3540.61083984375, 1783.23583984375, 7657.60546875, 1368.035400390625, 4921.97216796875, 4989.46337890625, 3385.400634765625, 6387.654296875, 8561.4521484375, 3591.80810546875, 3513.84521484375, 4162.4072265625, 6183.23193359375, 0.0, 4788.9775390625, 4052.88671875, 3943.13818359375, 8241.828125, 1953.1441650390625, 4590.14453125, 5056.8173828125, 3147.37353515625, 7516.91845703125, 3307.4306640625, 4501.197265625, 1299.4190673828125, 4161.82958984375, 2495.65966796875, 9662.990234375, 1434.254150390625, 8937.12109375, 4145.44873046875, 5273.26611328125, 6836.62158203125, 7067.53125, 3744.043212890625, 4820.67333984375, 5243.88134765625, 2778.806396484375, 8580.2666015625, 4314.81689453125, 8671.2998046875, 6961.56982421875, 7108.8212890625], [1292.8824462890625, 5072.29248046875, 3096.328369140625, 4464.72216796875, 4421.943359375, 3800.013916015625, 6024.56396484375, 5303.09375, 4823.5068359375, 6894.45849609375, 2259.9169921875, 4532.1318359375, 4322.86083984375, 4816.08837890625, 3994.614990234375, 990.3822631835938, 3389.548583984375, 2307.27490234375, 5019.8671875, 4022.624755859375, 6125.9912109375, 896.5377807617188, 426.6907653808594, 7383.76513671875, 3136.000244140625, 5292.97412109375, 6731.32666015625, 5394.2275390625, 931.8036499023438, 4051.035400390625, 4788.9775390625, 0.0, 2763.693603515625, 2485.098388671875, 4617.01220703125, 6598.87060546875, 5123.02978515625, 538.8228149414062, 3237.896728515625, 3518.350341796875, 6776.21240234375, 288.87713623046875, 4681.57861328125, 4972.68408203125, 4744.29736328125, 5317.6552734375, 6158.32470703125, 6348.4541015625, 5094.07666015625, 792.7130737304688, 4118.37158203125, 4328.91015625, 7853.404296875, 2985.14794921875, 6953.00390625, 5193.72509765625, 3798.808837890625, 8255.3515625, 4061.1220703125, 2276.805908203125, 4142.521484375], [2190.8193359375, 3363.470947265625, 5005.15673828125, 7199.087890625, 5311.6279296875, 3603.9619140625, 3726.347900390625, 4673.9072265625, 5992.58935546875, 5205.59521484375, 5007.5087890625, 3690.997314453125, 6978.34765625, 7212.92529296875, 3797.705810546875, 2156.322021484375, 2410.482421875, 733.1636962890625, 5224.1689453125, 3693.091552734375, 5350.31396484375, 3574.0634765625, 3188.000244140625, 5422.5166015625, 2415.134033203125, 4511.16650390625, 4443.94970703125, 2891.3203125, 3082.802001953125, 2188.068115234375, 4052.88671875, 2763.693603515625, 0.0, 299.9333190917969, 4247.24658203125, 5276.244140625, 2365.729736328125, 2531.821533203125, 1003.3195190429688, 3711.039794921875, 4626.3046875, 2642.93310546875, 4708.3662109375, 6396.537109375, 5408.38671875, 7928.19873046875, 5016.91796875, 4954.16650390625, 6473.24560546875, 3556.14013671875, 2785.89453125, 6981.90283203125, 5905.30712890625, 5214.794921875, 8182.7470703125, 5870.1875, 5635.328125, 6165.30810546875, 6528.458984375, 3907.3837890625, 3057.334228515625], [1893.24609375, 3381.08447265625, 4834.68115234375, 6933.49560546875, 5071.14599609375, 3629.266845703125, 3863.87841796875, 4562.2177734375, 5739.5107421875, 5244.6494140625, 4736.69580078125, 3797.002197265625, 6681.4599609375, 7001.7421875, 3828.552001953125, 1856.6273193359375, 2490.6982421875, 477.44842529296875, 5035.56494140625, 3736.912109375, 5264.80126953125, 3283.25, 2907.362548828125, 5508.32666015625, 2458.22705078125, 4625.33056640625, 4584.73974609375, 3071.14453125, 2783.423095703125, 2391.185791015625, 3943.13818359375, 2485.098388671875, 299.9333190917969, 0.0, 4308.734375, 5261.2177734375, 2637.966064453125, 2280.29833984375, 1041.2041015625, 3694.056396484375, 4740.81201171875, 2354.491943359375, 4528.9912109375, 6130.98486328125, 5184.63916015625, 7687.9404296875, 4974.0, 5143.5078125, 6210.50537109375, 3277.7607421875, 2931.50830078125, 6684.9033203125, 5991.91357421875, 4916.26123046875, 7935.74560546875, 5649.62744140625, 5479.07177734375, 6277.9013671875, 6305.9306640625, 3745.30908203125, 3177.908935546875], [5304.40966796875, 7578.16162109375, 3675.98583984375, 7191.05126953125, 8858.716796875, 817.3303833007812, 7603.7001953125, 8857.4072265625, 9365.083984375, 9365.1259765625, 5675.4736328125, 817.521240234375, 8286.2333984375, 5944.00537109375, 625.1223754882812, 5015.4189453125, 1841.0458984375, 4702.1298828125, 9143.716796875, 611.7883911132812, 9573.0, 5371.1845703125, 4855.623046875, 9444.546875, 1854.1737060546875, 862.629150390625, 8262.337890625, 6630.33056640625, 5525.216796875, 2592.51416015625, 8241.828125, 4617.01220703125, 4247.24658203125, 4308.734375, 0.0, 9513.208984375, 5415.17919921875, 4080.820556640625, 5241.29248046875, 1192.4332275390625, 8559.7607421875, 4797.2431640625, 8683.6513671875, 9570.7998046875, 9097.318359375, 7148.30126953125, 9264.1630859375, 2326.010498046875, 9686.6162109375, 4988.00341796875, 1764.369873046875, 8298.548828125, 9913.6767578125, 7541.33935546875, 11537.8212890625, 9567.212890625, 3813.082275390625, 10055.810546875, 5639.30419921875, 3099.496826171875, 1385.33349609375], [5306.095703125, 1952.3076171875, 9644.4658203125, 10435.1708984375, 4456.24658203125, 8878.859375, 2754.769287109375, 1752.7904052734375, 5140.0048828125, 947.8317260742188, 8436.1083984375, 8902.1767578125, 9001.4462890625, 11343.70703125, 9073.7109375, 5616.39453125, 7672.1630859375, 4959.91845703125, 3223.757080078125, 8968.482421875, 1261.406005859375, 6823.10546875, 6842.3330078125, 1827.78369140625, 7691.36181640625, 9691.291015625, 2703.17822265625, 3533.44384765625, 6055.35888671875, 7174.3056640625, 1953.1441650390625, 6598.87060546875, 5276.244140625, 5261.2177734375, 9513.208984375, 0.0, 4915.736328125, 6798.2421875, 4274.990234375, 8953.7216796875, 2254.348876953125, 6316.958984375, 2945.43212890625, 5780.52099609375, 4074.6318359375, 11599.7490234375, 551.7979736328125, 9801.599609375, 5731.38671875, 7148.630859375, 7929.69677734375, 8993.73828125, 2028.487060546875, 6752.373046875, 6410.11279296875, 4197.404296875, 10342.0419921875, 2648.10302734375, 10566.2109375, 8666.8642578125, 8251.9755859375], [4369.3798828125, 3107.3193359375, 7185.24267578125, 9564.6328125, 6752.82470703125, 5047.2978515625, 2381.677001953125, 5137.3623046875, 7519.3955078125, 4425.96875, 7372.619140625, 4645.4033203125, 9254.2490234375, 9490.1767578125, 5190.0927734375, 4421.97607421875, 3768.830078125, 2883.89501953125, 6232.91552734375, 5026.6826171875, 5533.2451171875, 5904.669921875, 5544.69873046875, 4246.1259765625, 3953.001953125, 5297.060546875, 2939.639404296875, 1419.6485595703125, 5341.166015625, 2822.680419921875, 4590.14453125, 5123.02978515625, 2365.729736328125, 2637.966064453125, 5415.17919921875, 4915.736328