{"speed": [30, 15, 15, 30, 10], "targets": [[0, 0, 0, 0], [1490, 610, 5, 7], [-1586, 936, 10, 9], [1079, 1467, 10, 18], [-2254, 2423, 7, 19], [-2019, 1907, 5, 6], [877, -2203, 9, 5], [-2235, 516, 9, 12], [-1708, -1390, 6, 13], [-2351, -1784, 6, 7], [-1235, -1552, 6, 11], [282, 2417, 9, 19], [-792, 709, 8, 14], [898, 2093, 9, 15], [417, 262, 9, 15], [-792, 459, 10, 14], [2296, -1042, 9, 11], [440, 316, 5, 10], [-1549, 260, 9, 15], [-530, 1994, 5, 13], [-374, -1705, 9, 18], [-826, 824, 10, 9], [1492, -2450, 6, 20], [1436, 859, 6, 13], [2358, -2487, 5, 6], [954, -2242, 6, 17], [46, -2139, 7, 20], [-1410, -680, 8, 17], [-1975, 2279, 8, 11], [6, -1467, 8, 10], [2197, -1897, 8, 13]], "tasks": [[1, 2, 3, 4, 5, 6, 7, 8, 9, 10, 11, 12, 13, 14, 15, 16, 17, 18, 19, 20, 21, 22, 23, 24, 25, 26, 27, 28, 29, 30], [], [], [], []], "map": [[0.0, 1610.031005859375, 1841.600341796875, 1821.079345703125, 3309.296875, 2777.230712890625, 2371.14697265625, 2293.791748046875, 2202.127197265625, 2951.24658203125, 1983.4134521484375, 2433.395263671875, 1062.98876953125, 2277.51025390625, 492.4764099121094, 915.3933715820312, 2521.384521484375, 541.7158203125, 1570.6689453125, 2063.234375, 1745.5374755859375, 1166.72705078125, 2868.54736328125, 1673.313232421875, 3427.146484375, 2436.5302734375, 2139.49462890625, 1565.4073486328125, 3015.703125, 1467.0123291015625, 2902.656982421875], [1610.031005859375, 0.0, 3093.226806640625, 950.457763671875, 4159.8681640625, 3741.02783203125, 2879.016845703125, 3726.185791015625, 3771.896484375, 4525.982421875, 3478.486572265625, 2173.594482421875, 2284.146484375, 1596.7945556640625, 1128.021728515625, 2286.990478515625, 1838.1348876953125, 1090.3834228515625, 3059.08837890625, 2448.643798828125, 2972.15771484375, 2325.865966796875, 3060.000732421875, 254.78814697265625, 3216.33837890625, 2901.930419921875, 3105.178955078125, 3173.97216796875, 3846.009033203125, 2552.681884765625, 2604.78369140625], [1841.600341796875, 3093.226806640625, 0.0, 2717.385986328125, 1630.1512451171875, 1063.1697998046875, 3989.94873046875, 773.0465698242188, 2329.197265625, 2825.531005859375, 2512.636962890625, 2383.859375, 825.8117065429688, 2740.238037109375, 2113.358642578125, 926.2639770507812, 4356.88037109375, 2118.743896484375, 677.0118408203125, 1494.824462890625, 2905.825927734375, 768.2083129882812, 4575.923828125, 3022.980712890625, 5222.26611328125, 4068.326904296875, 3481.242431640625, 1625.555908203125, 1398.202392578125, 2882.511474609375, 4726.201171875], [1821.079345703125, 950.457763671875, 2717.385986328125, 0.0, 3467.39453125, 3129.08984375, 3675.554931640625, 3447.75244140625, 3991.217529296875, 4725.87548828125, 3803.80810546875, 1240.0439453125, 2018.7137451171875, 651.6417846679688, 1374.8704833984375, 2125.254150390625, 2788.578369140625, 1316.48095703125, 2891.925537109375, 1693.1065673828125, 3488.952880859375, 2010.5904541015625, 3938.712646484375, 705.0624389648438, 4155.7138671875, 3711.105712890625, 3751.043212890625, 3287.054931640625, 3160.1044921875, 3124.049560546875, 3544.91455078125], [3309.296875, 4159.8681640625, 1630.1512451171875, 3467.39453125, 0.0, 566.992919921875, 5585.9677734375, 1907.0946044921875, 3851.893798828125, 4208.1181640625, 4103.533203125, 2536.007080078125, 2252.829345703125, 3169.227783203125, 3435.718505859375, 2448.415771484375, 5719.154296875, 3420.10009765625, 2274.9931640625, 1776.574462890625, 4535.943359375, 2143.824951171875, 6146.43359375, 4007.766845703125, 6736.3671875, 5661.580078125, 5108.99658203125, 3215.73388671875, 313.9697570800781, 4498.85546875, 6202.72509765625], [2777.230712890625, 3741.02783203125, 1063.1697998046875, 3129.08984375, 566.992919921875, 0.0, 5027.814453125, 1407.6707763671875, 3311.635498046875, 3705.9013671875, 3546.736083984375, 2356.84130859375, 1714.8565673828125, 2922.924072265625, 2939.408203125, 1897.9549560546875, 5226.45458984375, 2928.81591796875, 1712.7489013671875, 1491.5394287109375, 3968.95068359375, 1611.2535400390625, 5595.5849609375, 3610.447265625, 6202.04541015625, 5104.20703125, 4542.50390625, 2657.715087890625, 374.5931091308594, 3935.03515625, 5678.474609375], [2371.14697265625, 2879.016845703125, 3989.94873046875, 3675.554931640625, 5585.9677734375, 5027.814453125, 0.0, 4132.49365234375, 2709.832763671875, 3255.079833984375, 2210.055419921875, 4658.15673828125, 3356.3828125, 4296.05126953125, 2507.553466796875, 3141.94287109375, 1833.4344482421875, 2556.624755859375, 3457.14404296875, 4426.56298828125, 1346.478759765625, 3473.174072265625, 662.747314453125, 3112.607421875, 1507.984375, 86.31338500976562, 833.4608764648438, 2747.707763671875, 5312.45947265625, 1140.3232421875, 1355.0040283203125], [2293.791748046875, 3726.185791015625, 773.0465698242188, 3447.75244140625, 1907.0946044921875, 1407.6707763671875, 4132.49365234375, 0.0, 1977.514892578125, 2302.92333984375, 2297.09033203125, 3154.2177734375, 1455.849609375, 3507.5087890625, 2664.135986328125, 1444.1253662109375, 4791.38037109375, 2682.46630859375, 732.2103271484375, 2256.437255859375, 2897.613037109375, 1442.270751953125, 4763.1591796875, 3686.9892578125, 5487.59130859375, 4216.193359375, 3500.28369140625, 1452.942138671875, 1782.0687255859375, 2992.38525390625, 5046.3046875], [2202.127197265625, 3771.896484375, 2329.197265625, 3991.217529296875, 3851.893798828125, 3311.635498046875, 2709.832763671875, 1977.514892578125, 0.0, 754.112060546875, 499.9729919433594, 4295.736328125, 2290.165283203125, 4350.0029296875, 2691.603515625, 2063.45751953125, 4019.094482421875, 2743.052978515625, 1657.6431884765625, 3583.174560546875, 1370.686279296875, 2383.21630859375, 3370.993896484375, 3865.583740234375, 4211.38525390625, 2795.02197265625, 1907.2275390625, 770.0026245117188, 3678.7021484375, 1715.728759765625, 3937.775146484375], [2951.24658203125, 4525.982421875, 2825.531005859375, 4725.87548828125, 4208.1181640625, 3705.9013671875, 3255.079833984375, 2302.92333984375, 754.112060546875, 0.0, 1139.859619140625, 4957.93212890625, 2940.328125, 5058.3720703125, 3442.083740234375, 2731.580078125, 4705.86572265625, 3492.80419921875, 2195.70947265625, 4193.962890625, 1978.5777587890625, 3021.140380859375, 3900.28271484375, 4618.0966796875, 4761.185546875, 3336.58349609375, 2423.1455078125, 1450.6195068359375, 4080.36083984375, 2378.2216796875, 4549.40380859375], [1983.4134521484375, 3478.486572265625, 2512.636962890625, 3803.80810546875, 4103.533203125, 3546.736083984375, 2210.055419921875, 2297.09033203125, 499.9729919433594, 1139.859619140625, 0.0, 4249.029296875, 2303.989990234375, 4223.23486328125, 2453.5078125, 2059.2158203125, 3567.640869140625, 2508.99365234375, 1839.005126953125, 3615.4033203125, 874.4884033203125, 2410.9453125, 2871.05078125, 3598.216552734375, 3712.6640625, 2295.17333984375, 1409.08837890625, 889.3868408203125, 3901.815185546875, 1243.9075927734375, 3449.296875], [2433.395263671875, 2173.594482421875, 2383.859375, 1240.0439453125, 2536.007080078125, 2356.84130859375, 4658.15673828125, 3154.2177734375, 4295.736328125, 4957.93212890625, 4249.029296875, 0.0, 2017.6075439453125, 696.011474609375, 2159.224365234375, 2233.212890625, 4002.60888671875, 2106.9326171875, 2829.347900390625, 915.572509765625, 4173.87353515625, 1940.44140625, 5015.15576171875, 1938.834716796875, 5325.31591796875, 4707.21435546875, 4562.1083984375, 3529.061279296875, 2261.21484375, 3893.7939453125, 4719.9384765625], [1062.98876953125, 2284.146484375, 825.8117065429688, 2018.7137451171875, 2252.829345703125, 1714.8565673828125, 3356.3828125, 1455.849609375, 2290.165283203125, 2940.328125, 2303.989990234375, 2017.6075439453125, 0.0, 2184.38916015625, 1288.9879150390625, 250.0, 3549.8935546875, 1293.1639404296875, 880.1420288085938, 1311.437744140625, 2449.92236328125, 119.92080688476562, 3898.196533203125, 2233.043701171875, 4487.41748046875, 3428.836181640625, 2968.728271484375, 1520.2779541015625, 1965.804931640625, 2317.7099609375, 3965.52099609375], [2277.51025390625, 1596.7945556640625, 2740.238037109375, 651.6417846679688, 3169.227783203125, 2922.924072265625, 4296.05126953125, 3507.5087890625, 4350.0029296875, 5058.3720703125, 4223.23486328125, 696.011474609375, 2184.38916015625, 0.0, 1893.1248779296875, 2350.756591796875, 3432.58349609375, 1835.072998046875, 3057.400634765625, 1431.4276123046875, 4005.344970703125, 2140.68603515625, 4581.66845703125, 1346.1798095703125, 4807.078125, 4335.36181640625, 4316.91162109375, 3607.823974609375, 2879.0146484375, 3670.049560546875, 4196.12939453125], [492.4764099121094, 1128.021728515625, 2113.358642578125, 1374.8704833984375, 3435.718505859375, 2939.408203125, 2507.553466796875, 2664.135986328125, 2691.603515625, 3442.083740234375, 2453.5078125, 2159.224365234375, 1288.9879150390625, 1893.1248779296875, 0.0, 1224.9449462890625, 2287.150390625, 58.694122314453125, 1966.0009765625, 1973.9891357421875, 2120.087158203125, 1364.1455078125, 2917.287841796875, 1181.0037841796875, 3365.186767578125, 2560.934326171875, 2429.494140625, 2055.5517578125, 3128.89013671875, 1777.1781005859375, 2798.15673828125], [915.3933715820312, 2286.990478515625, 926.2639770507812, 2125.254150390625, 2448.415771484375, 1897.9549560546875, 3141.94287109375, 1444.1253662109375, 2063.45751953125, 2731.580078125, 2059.2158203125, 2233.212890625, 250.0, 2350.756591796875, 1224.9449462890625, 0.0, 3433.47412109375, 1240.2713623046875, 782.7196044921875, 1557.1990966796875, 2204.0009765625, 366.58013916015625, 3698.504638671875, 2263.621826171875, 4312.93603515625, 3216.196044921875, 2729.807373046875, 1295.8568115234375, 2170.688720703125, 2084.7734375, 3805.897705078125], [2521.384521484375, 1838.1348876953125, 4356.88037109375, 2788.578369140625, 5719.154296875, 5226.45458984375, 1833.4344482421875, 4791.38037109375, 4019.094482421875, 4705.86572265625, 3567.640869140625, 4002.60888671875, 3549.8935546875, 3432.58349609375, 2287.150390625, 3433.47412109375, 0.0, 2299.7607421875, 4059.461669921875, 4147.71875, 2751.0849609375, 3637.147216796875, 1621.382080078125, 2086.48046875, 1446.3294677734375, 1800.2677001953125, 2503.1796875, 3723.637939453125, 5410.22021484375, 2329.10400390625, 860.7125244140625], [541.7158203125, 1090.3834228515625, 2118.743896484375, 1316.48095703125, 3420.10009765625, 2928.81591796875, 2556.624755859375, 2682.46630859375, 2743.052978515625, 3492.80419921875, 2508.99365234375, 2106.9326171875, 1293.1639404296875, 1835.072998046875, 58.694122314453125, 1240.2713623046875, 2299.7607421875, 0.0, 1989.7882080078125, 1938.19091796875, 2178.76953125, 1364.1187744140625, 2959.300537109375, 1134.4007568359375, 3396.39990234375, 2609.130126953125, 2486.415283203125, 2101.074951171875, 3112.168701171875, 1835.0599365234375, 2825.671142578125], [1570.6689453125, 3059.08837890625, 677.0118408203125, 2891.925537109375, 2274.9931640625, 1712.7489013671875, 3457.14404296875, 732.2103271484375, 1657.6431884765625, 2195.70947265625, 1839.005126953125, 2829.347900390625, 880.1420288085938, 3057.400634765625, 1966.0009765625, 782.7196044921875, 4059.461669921875, 1989.7882080078125, 0.0, 2011.2476806640625, 2289.5087890625, 916.965087890625, 4073.301025390625, 3044.507568359375, 4776.05029296875, 3539.069580078125, 2880.837646484375, 950.2215576171875, 2063.45263671875, 2323.9091796875, 4322.63427734375], [2063.234375, 2448.643798828125, 1494.824462890625, 1693.1065673828125, 1776.574462890625, 1491.5394287109375, 4426.56298828125, 2256.437255859375, 3583.174560546875, 4193.962890625, 3615.4033203125, 915.572509765625, 1311.437744140625, 1431.4276123046875, 1973.9891357421875, 1557.1990966796875, 4147.71875, 1938.19091796875, 2011.2476806640625, 0.0, 3702.2880859375, 1206.862060546875, 4882.37841796875, 2270.10595703125, 5331.0322265625, 4488.42431640625, 4172.9443359375, 2815.080078125, 1472.83740234375, 3502.2587890625, 4751.4638671875], [1745.5374755859375, 2972.15771484375, 2905.825927734375, 3488.952880859375, 4535.943359375, 3968.95068359375, 1346.478759765625, 2897.613037109375, 1370.686279296875, 1978.5777587890625, 874.4884033203125, 4173.87353515625, 2449.92236328125, 4005.344970703125, 2120.087158203125, 2204.0009765625, 2751.0849609375, 2178.76953125, 2289.5087890625, 3702.2880859375, 0.0, 2569.07470703125, 2009.2239990234375, 3138.502197265625, 2841.715576171875, 1432.4639892578125, 603.9503173828125, 1457.3677978515625, 4293.6533203125, 448.3793029785156, 2578.1591796875], [1166.72705078125, 2325.865966796875, 768.2083129882812, 2010.5904541015625, 2143.824951171875, 1611.2535400390625, 3473.174072265625, 1442.270751953125, 2383.21630859375, 3021.140380859375, 2410.9453125, 1940.44140625, 119.92080688476562, 2140.68603515625, 1364.1455078125, 366.58013916015625, 3637.147216796875, 1364.1187744140625, 916.965087890625, 1206.862060546875, 2569.07470703125, 0.0, 4011.508544921875, 2262.270751953125, 4593.53662109375, 3545.244140625, 3088.649169921875, 1613.40380859375, 1853.9757080078125, 2437.397216796875, 4067.231201171875], [2868.54736328125, 3060.000732421875, 4575.923828125, 3938.712646484375, 6146.43359375, 5595.5849609375, 662.747314453125, 4763.1591796875, 3370.993896484375, 3900.28271484375, 2871.05078125, 5015.15576171875, 3898.196533203125, 4581.66845703125, 2917.287841796875, 3698.504638671875, 1621.382080078125, 2959.300537109375, 4073.301025390625, 4882.37841796875, 2009.2239990234375, 4011.508544921875, 0.0, 3309.473876953125, 866.7900390625, 576.8084716796875, 1479.0662841796875, 3399.191650390625, 5863.7470703125, 1781.70849609375, 896.0100708007812], [1673.313232421875, 254.78814697265625, 3022.980712890625, 705.0624389648438, 4007.766845703125, 3610.447265625, 3112.607421875, 3686.9892578125, 3865.583740234375, 4618.0966796875, 3598.216552734375, 1938.834716796875, 2233.043701171875, 1346.1798095703125, 1181.0037841796875, 2263.621826171875, 2086.48046875, 1134.4007568359375, 3044.507568359375, 2270.10595703125, 3138.502197265625, 2262.270751953125, 3309.473876953125, 0.0, 3470.7060546875, 3138.236083984375, 3304.55810546875, 3235.465576171875, 3694.76953125, 2730.416748046875, 2859.1357421875], [3427.146484375, 3216.33837890625, 5222.26611328125, 4155.7138671875, 6736.3671875, 6202.04541015625, 1507.984375, 5487.59130859375, 4211.38525390625, 4761.185546875, 3712.6640625, 5325.31591796875, 4487.41748046875, 4807.078125, 3365.186767578125, 4312.93603515625, 1446.3294677734375, 3396.39990234375, 4776.05029296875, 5331.0322265625, 2841.715576171875, 4593.53662109375, 866.7900390625, 3470.7060546875, 0.0, 1425.216064453125, 2338.043701171875, 4178.88427734375, 6441.24560546875, 2563.650634765625, 611.5725708007812], [2436.5302734375, 2901.930419921875, 4068.326904296875, 3711.105712890625, 5661.580078125, 5104.20703125, 86.31338500976562, 4216.193359375, 2795.02197265625, 3336.58349609375, 2295.17333984375, 4707.21435546875, 3428.836181640625, 4335.36181640625, 2560.934326171875, 3216.196044921875, 1800.2677001953125, 2609.130126953125, 3539.069580078125, 4488.42431640625, 1432.4639892578125, 3545.244140625, 576.8084716796875, 3138.236083984375, 1425.216064453125, 0.0, 913.8233032226562, 2833.4326171875, 5386.88037109375, 1224.470947265625, 1289.9898681640625], [2139.49462890625, 3105.178955078125, 3481.242431640625, 3751.043212890625, 5108.99658203125, 4542.50390625, 833.4608764648438, 3500.28369140625, 1907.2275390625, 2423.1455078125, 1409.08837890625, 4562.1083984375, 2968.728271484375, 4316.91162109375, 2429.494140625, 2729.807373046875, 2503.1796875, 2486.415283203125, 2880.837646484375, 4172.9443359375, 603.9503173828125, 3088.649169921875, 1479.0662841796875, 3304.55810546875, 2338.043701171875, 913.8233032226562, 0.0, 2061.21728515625, 4858.30908203125, 673.189453125, 2164.5703125], [1565.4073486328125, 3173.97216796875, 1625.555908203125, 3287.054931640625, 3215.73388671875, 2657.715087890625, 2747.707763671875, 1452.942138671875, 770.0026245117188, 1450.6195068359375, 889.3868408203125, 3529.061279296875, 1520.2779541015625, 3607.823974609375, 2055.5517578125, 1295.8568115234375, 3723.637939453125, 2101.074951171875, 950.2215576171875, 2815.080078125, 1457.3677978515625, 1613.40380859375, 3399.191650390625, 3235.465576171875, 4178.88427734375, 2833.4326171875, 2061.21728515625, 0.0, 3012.45849609375, 1620.0076904296875, 3806.775390625], [3015.703125, 3846.009033203125, 1398.202392578125, 3160.1044921875, 313.9697570800781, 374.5931091308594, 5312.45947265625, 1782.0687255859375, 3678.7021484375, 4080.36083984375, 3901.815185546875, 2261.21484375, 1965.804931640625, 2879.0146484375, 3128.89013671875, 2170.688720703125, 5410.22021484375, 3112.168701171875, 2063.45263671875, 1472.83740234375, 4293.6533203125, 1853.9757080078125, 5863.7470703125, 3694.76953125, 6441.24560546875, 5386.88037109375, 4858.30908203125, 3012.45849609375, 0.0, 4237.5556640625, 5902.92822265625], [1467.0123291015625, 2552.681884765625, 2882.511474609375, 3124.049560546875, 4498.85546875, 3935.03515625, 1140.3232421875, 2992.38525390625, 1715.728759765625, 2378.2216796875, 1243.9075927734375, 3893.7939453125, 2317.7099609375, 3670.049560546875, 1777.1781005859375, 2084.7734375, 2329.10400390625, 1835.0599365234375, 2323.9091796875, 3502.2587890625, 448.3793029785156, 2437.397216796875, 1781.70849609375, 2730.416748046875, 2563.650634765625, 1224.470947265625, 673.189453125, 1620.0076904296875, 4237.5556640625, 0.0, 2232.796630859375], [2902.656982421875, 2604.78369140625, 4726.201171875, 3544.91455078125, 6202.72509765625, 5678.474609375, 1355.0040283203125, 5046.3046875, 3937.775146484375, 4549.40380859375, 3449.296875, 4719.9384765625, 3965.52099609375, 4196.12939453125, 2798.15673828125, 3805.897705078125, 860.7125244140625, 2825.671142578125, 4322.63427734375, 4751.4638671875, 2578.1591796875, 4067.231201171875, 896.0100708007812, 2859.1357421875, 611.5725708007812, 1289.9898681640625, 2164.5703125, 3806.775390625, 5902.92822265625, 2232.796630859375, 0.0]]}